	HD276_Trest	HD276_Ttumor	HD276_Teff	HD276_Tex	HD280_Trest	HD280_Ttumor	HD280_Teff	HD280_Tex	HD286_Trest	HD286_Ttumor	HD286_Teff	HD286_Tex	HD287_Trest	HD287_Ttumor	HD287_Teff	HD287_Tex
CCL5	11.0220133963621	12.5994198979049	9.51501185369616	12.6849803286297	11.5209770940116	12.5403899846625	10.0944822503112	12.7873199402562	11.6181696156181	12.7228570766461	10.4795835276117	12.7685899215242	11.2747266242167	12.5230470600165	9.982748481067	12.3683005735892
HLA-A	10.9853519769912	11.3432198041528	10.7720855518342	11.0071079473602	11.0439127449755	11.2056507457818	10.5420118176047	11.0818070099553	10.6391550773983	10.8008671761994	10.3830145569422	10.4395132518418	11.0095392503628	11.4894333541708	10.3711590310071	10.7761464947963
PTPRC	10.4871939586698	10.4914166258294	9.65426812191079	10.2483717016041	10.451891412173	10.5614979890704	9.79694884631702	10.5155339583501	10.3791960380169	10.6609642897897	10.0252591272598	10.565314469003	10.6690183178408	10.3030356600208	10.0567838440388	10.3542418891619
CD74	9.96272461489505	10.4558622913895	9.68517315542713	8.80240931443795	10.6164510356639	10.8580668914776	10.3987316380778	9.87974904360817	10.2828678938977	10.2415364906186	10.3166724452327	9.86076487561775	10.0262568902358	10.7683788873756	9.97602733132988	9.83659516633587
RPS3	9.84713668546485	9.88061832294613	10.695108946076	9.58863079411454	9.57716187989985	9.8868642398604	10.4116547180825	9.9702836949535	9.59698196548127	9.70144000727086	10.5240558707884	10.0289653770343	9.63606890406499	10.0099833408743	10.5041359262907	10.1639042269255
RPL13A	9.28442938526548	9.63991756160793	9.95405612259264	9.19109267259816	9.14068552641137	9.81257529240276	9.87682813302416	9.81217369752133	9.09239032894728	9.62537804315832	9.92370133248024	9.86023488329988	9.13605384753322	9.71966083702988	9.80795412744241	9.842917801061
RPL28	9.09016797968431	9.3349062268328	9.31545095672214	9.41897200622233	8.80124365657179	9.36330790496814	9.36165945176324	9.18865632681118	8.94913344671165	9.33983465778889	9.40509163306557	9.31342178633515	9.03985730541077	9.71272969592922	9.32551533055013	9.62843346071756
GZMA	8.70202046812568	9.52031269642439	7.56759097875002	8.05971685900866	9.77091920320612	9.93290454215623	9.41465019257403	9.91299976496397	9.36818948789714	9.56051224068621	8.96152710388623	9.59721167305408	9.06380092584584	9.44396495766876	9.06322188215463	8.87323610298125
COTL1	8.70742892405369	8.77949801378186	9.72265586370931	8.66501972561697	8.86311192271073	9.05111428675998	9.57739456911234	8.72399021042808	9.10141538776306	9.22213651253716	9.83397754385404	9.11727175100195	8.61135318223486	9.00134700938437	9.73992367906684	9.00666902767676
RPS15A	8.98647992049341	9.13728407259977	9.39491385571437	9.0816783458357	8.85493754330253	9.23056599700088	9.1393613772684	9.3052276014133	8.77870133641589	9.05788827122091	9.16269235405494	9.20510738219505	8.86629475762848	9.19462553560689	9.2761226374984	9.25785140583116
RPL27A	8.68329832537355	8.81050166664703	9.3324282552064	8.76584407618376	8.67299550935613	8.93923803537478	9.15054395643871	9.00258380722437	8.53675491542034	8.75083662796407	9.26257072851049	8.95632225149511	8.56158740988336	8.94904151914904	9.26200994693425	9.1498580457002
RPL13	8.77787334727832	8.69478282191927	9.19879264724419	8.41971495409047	8.41886138157517	8.7165914055342	9.05985260671375	8.77248225626378	8.46144868419529	8.46403875456062	9.00150462121185	8.59393559039368	8.46034023747427	8.88132077385722	8.93300928221536	8.99398057633385
RPLP2	8.76182406699835	8.70442526881686	9.07973950765393	8.64937506585742	8.44202727784702	8.65656228101813	8.97141196596697	8.75670920223761	8.19727632658089	8.23017073236421	8.83322419613585	8.42909228589951	8.37087622407954	8.85566682821413	8.78583797777737	8.93888803580262
LYST	7.84808419897729	8.3422983154667	8.11382384851111	9.27631425953147	8.40615283641071	8.70522331305104	8.71622084136539	9.07545517394747	8.27460848586666	8.72052323428717	8.83978323349404	9.324478813653	8.25234030134996	8.47083392104399	8.51014423059119	9.0311654347965
CD44	8.64595004678886	9.0976548711854	7.50712998818491	8.31822598268998	8.35653561563387	8.78318218394321	6.95189396758285	8.31776669184702	8.66926280241032	9.28971857959828	7.87985485561717	9.19400417656133	8.7956242167267	8.91905924955686	7.81249815082698	9.07146740843276
CLDND1	8.5038960169648	8.61077552271284	7.88002813945152	7.5705017885755	8.8911377501974	8.92421215936678	8.33405663854241	8.85234499300494	8.82163861979618	9.10773326961326	8.52708740543147	8.89942217391063	8.77000458568817	8.29254752782846	8.1551001672452	8.22731076117409
SRGN	7.64280539157931	7.97635624059081	8.61070640340109	8.46887782889754	8.0973555008529	8.02623085153888	9.13086586254762	8.46839471535428	8.21530451415672	7.96535835239593	9.22448921385571	8.5047401480273	7.99008931545177	8.16013927787129	9.06712732184932	8.42223659501677
FYN	7.72438120545826	8.26705674589617	7.99281155983511	8.60745174472761	8.1100848512774	8.63171400331347	8.44274817051364	8.78457852814772	8.09559966025281	8.68371813225948	8.54786940352578	9.08859948784913	7.76342098433927	8.50357805443922	8.31800973395624	8.72210526112524
TC2N	8.65039940817049	8.80146169147879	5.66609693214119	8.46559265677102	8.70357976264415	8.96202149510151	6.66877500884965	8.93355341030977	8.81323015557832	9.24391861034152	6.5910928605312	8.98812226823111	8.8785186044193	8.31366947858366	6.22944641481312	8.24883199354217
RPS25	8.24748275753277	8.05201456681146	8.86335802483964	8.28808312400496	7.99640131843375	8.04752322392196	8.55472904191314	8.29591230808361	7.95807570057063	7.9693529166084	8.60900348364232	8.28291782281122	8.10627636286708	8.03968573753467	8.59922033555767	8.43014636244364
EIF1	8.00433997601395	8.13199641035441	8.83696599689186	8.07704225343346	8.32404115972115	8.2744027104531	8.35810956721787	8.36216808368907	8.1724004078442	8.24599038681176	8.59674876868787	8.14177494826692	8.00015966036801	8.10870089866828	8.25453598827626	8.21033520346334
BTG1	7.92576632208921	8.37173300800667	7.23946113738973	8.81460402559861	7.8417513211782	8.60468319332795	6.76768941464489	8.7661518833641	7.94697679616454	8.68497821058966	7.32306260751973	8.69021419835628	8.26650346693488	8.36370083678287	6.98667465354237	8.48343868819075
PDCD4	8.59049825901751	8.30381777533202	7.00945132274256	8.5026246951448	7.98642277364757	8.03483067544597	7.14987678596387	8.0565096922073	8.51103807190295	8.55564697187931	7.54207005265851	8.50823998235767	8.71793599032806	8.11380872681261	7.71925545561921	8.43357593671976
RPS29	7.95795495740988	8.16379751244146	8.47687137840584	8.10880628652603	7.79304913590646	8.00600133208822	8.24552302390249	8.03062533837192	7.66467292819132	7.78102703542901	8.14758219811239	7.99258392364166	7.63568631557531	8.21061840027084	8.21302915705267	8.24567166158656
HLA-DRB1	7.48631326237243	8.30698584470331	7.37477277843084	5.10963946879505	8.81377198396708	8.80616804305715	8.71997902875222	7.30702246737042	8.24715237342306	8.07912568882933	8.43514487917273	7.4462935728493	7.73534523026643	8.57734030355654	7.78891568796677	6.67801400736824
CST7	6.83952808608389	8.27917583594439	7.45270227222892	8.08284872152373	7.86796160252309	8.66351091851567	7.86112874897173	8.90230176565581	7.25849239832724	8.05259503130758	8.14003052561	8.29394859162842	7.03901489880034	8.44467940584917	7.12878904473595	8.08626788193936
AOAH	6.85735689957392	7.81478883968519	6.04994878207747	7.86212016315851	7.87253120870486	8.4330537038175	7.40512478799435	8.59577780787702	7.6465503182719	8.00913302171151	7.14530121268407	8.33826236586792	7.72487950991474	8.30286170276217	7.10249301817291	8.18184826950804
FAM102A	8.24293171428637	8.39154363040123	5.45340057300239	8.16462700540624	7.64092051631297	7.98909866723431	6.44694541077635	8.24118766760792	7.80729114541529	8.3034932732582	6.50235837723488	8.13244111177923	7.88120218935799	8.31546292907128	6.7584414110642	8.27397188936725
RPL23A	7.74932763568895	7.77246396297802	8.18827622092035	7.62977108792784	7.55298574383806	7.7200122840048	7.93259651823293	7.81397665049085	7.50467014276023	7.67431835408751	7.97516125393507	7.85269685873213	7.65562554679582	7.79387436075527	7.94700209251922	7.76651821689111
GGA2	7.39841175782317	7.77737891516707	7.51306914757244	8.03225240366244	7.52582968594574	7.59902473476972	7.62747010499684	7.78949011999353	7.59492144824382	7.8551795434921	7.72558817070433	8.02194541066763	7.3945325421426	7.76141768131862	7.38804442665539	7.63259768748784
HLA-DPA1	6.75349160468956	7.49639813512622	7.25176753825336	5.79841467954865	8.16587700228701	8.47240460507694	8.20494589712883	7.36285767008742	7.21698901432938	7.39937826223114	7.61553869676207	7.0334725594244	7.10102683002591	7.917479173992	7.54825854412754	6.1452451920071
CXCR4	8.21305150882454	7.16404757232296	7.96632460415118	5.45661552923756	7.87890443847963	7.4882033551061	7.10647609886506	7.28869671670986	7.68307882660233	7.09315287809434	7.32203619187848	7.41536016123067	7.96140110680011	7.54564794181317	6.85195708652533	7.41503727884564
GZMK	5.47611913895666	7.2613740535827	3.48910464001322	4.21592173142832	7.88049335651136	8.82833785758982	6.73077712127784	8.82100893499917	6.64279275426831	7.68137050362951	6.04879306233124	7.97392483840111	6.63976784332585	7.49206945541476	5.87697092275698	6.94650668554767
RPS27	7.39901054053207	7.51782338351607	7.05045793536099	7.75229508702834	7.33704643387355	7.39758230986249	6.68144650817204	7.63848482559441	7.15850846933548	7.19950721006208	6.81808743626168	7.34159080366407	7.25079219521942	7.48470581530899	6.88796831786531	7.23445349792605
ARAP2	7.27249316552702	7.16378872014249	6.07666232087048	6.45224803907455	7.84628842132058	7.67178335241982	6.81010598660646	7.74702609200184	7.45654268381391	7.50812600663793	6.95812808669398	7.25150350866672	7.57251915482875	7.02344183500987	6.6250342603368	6.66608575195698
SH2D1A	6.70685833462785	6.87941778756636	6.90559523923824	7.01500774482071	7.09868484567359	7.42538847484448	7.52573893889724	7.52506872990882	6.85367645782313	7.19975910142443	7.23963842571951	7.48439430667944	6.94436300897634	7.06353470048178	7.27558934018007	7.15020265678735
SRSF7	7.22510495776285	7.05382217462836	7.48524217551338	6.97185206418449	7.25385109799037	6.88514058878282	7.28756556945675	7.11082626989837	7.30060221695584	6.97891691932869	7.32126590063622	6.97592676729968	7.17304816808238	6.92869239493458	7.33422682353385	6.87194650260463
NFATC2	7.39180869322634	7.36835955651098	6.0560636212561	7.07450199500506	7.4904437243993	7.49165982172873	6.32231207576132	7.42122403004919	7.42570268482736	7.51137671706551	6.10118813937009	7.37635461129704	7.29943268022328	7.35156748379031	6.23808622812547	7.09998729464341
F2R	6.70233743599029	6.58797841252879	6.31763914650518	5.94741152890437	7.23906425481063	7.15052193230331	7.21194464607979	7.48242180795189	7.42529779699879	7.21554024416283	7.65805127453558	7.80777681082305	6.94267050302641	7.06802100130846	6.95352905450352	6.99474103475329
PIK3R1	7.25804341254331	6.91614911567611	6.38590189833835	7.1387925918283	7.11304472157729	7.11489123801852	6.88237532686731	7.37113215941919	7.10161693704382	7.16972811184899	7.33557729069157	7.53064740793861	7.25557166333792	6.63839414335726	6.82003666914305	7.21303872523744
HLA-DPB1	6.26652061468859	7.27270083628012	5.82110823449529	5.17285193372382	7.66890494885575	8.22966423572154	7.41105453261689	7.12807164108697	6.91926622010795	7.47853522685888	6.80124472872474	7.11006789478541	6.51358510050899	7.49856504486306	6.27542550314056	5.93635976395677
HLA-DQB1	3.57546490481106	4.41815460067882	3.90865060202779	1.06699769143339	7.95735736223987	8.08701321195984	7.85641808282647	7.00656883980483	7.05526869661772	7.39212239032777	7.54932447042049	6.84740596591879	6.90608246637331	7.63135403729857	6.92240349200994	5.92217715681875
TUBA4A	6.96398907030455	7.00321537931965	7.37786799014629	6.36153357961582	7.30122671508381	7.31989850992997	7.0987291584905	6.76562414207049	7.00711137337852	6.79808827805083	6.87483525734609	6.54550706342447	6.82786138358254	7.2406916461238	7.1285870319349	6.53069376123306
APMAP	6.72097533973102	7.26548124796427	6.49194974877188	6.72362046929788	7.14380197889577	7.43465338251657	6.77637808743777	7.59612903202873	6.65354910252381	6.93510928109087	6.57524250917998	7.07182078467834	6.74806492125825	7.40556157559176	6.40517447594211	7.03922612542984
CCL4	6.62732604207751	7.48525428209637	7.07656067831713	6.74428477823014	7.2230511993157	6.93071979127154	6.44925243551974	7.5933025195466	7.11674126688069	6.4712398482633	5.86015444049498	7.06631695434297	6.37655314118279	7.50039185888764	5.7623794369945	6.90089585615807
PASK	7.04681629040636	7.43208026654732	6.25451886157422	7.56121457766045	6.14013541223628	6.92391311906858	6.24626490618689	7.31085103566669	6.49281573499682	6.98067703732267	6.45632469501463	7.265180308271	6.68366163098024	7.13497675773444	6.35632355948867	7.39444734350272
DNAJB1	6.44334924753998	6.69000888703043	8.91792955375611	5.52508900393254	6.44294004578752	6.74735411124548	5.94652460329514	6.57024563251649	6.47610281584876	6.74384458883374	6.89533748868073	6.43025938656632	6.47663443239739	6.81398711515809	5.91072692032652	6.50237413108485
CD28	6.43714349727464	7.08914669461504	6.31594146132453	6.65262429690375	6.42687432472322	7.29392584911954	6.45811656138295	7.33943339302122	6.17218099892604	7.20001094881478	6.75026695602649	7.31502139951923	6.27170692554177	6.66765775366178	6.67070277339937	6.9147576784781
ITM2C	7.19024421794469	7.32734480865585	7.18283825225263	6.55474275553426	6.3016717838927	5.93137369071553	5.98246778814573	6.21163807693999	7.08633237171681	6.93601674123096	7.38088609134781	6.52157436800629	6.9081075409569	6.75148949379689	6.72996156887105	6.70465081853417
RNF19A	6.34111956509299	6.25140354513228	7.38776060189479	6.35962155436821	6.58196148234955	6.54391655244298	6.96300780917323	6.65581927467966	6.63090251742491	6.63926476472439	7.50569258765339	6.8703975114984	6.65879231422266	6.33724783733239	6.71953743045025	6.46155094236538
CCR4	4.77853297074072	7.0378090212238	6.71650970794837	7.01573641686929	5.28587195208813	7.58722592279615	6.82236270998312	8.1957382034703	4.00893818515998	7.0325061445521	6.48228428085833	6.70591310340043	5.05926302149161	6.30796163105535	5.87793268675599	6.19982632112919
HLA-DQA1	4.19702684355024	4.56023891812282	4.96562619508386	2.3445552569877	7.88728325360305	7.46812456913819	7.82985146011466	6.06927205057287	6.70215453663576	6.41724061737989	7.1878982409154	5.86169225726796	6.92877354236534	7.06420853562118	6.72248520606403	4.95919745568953
NAA50	6.60984542866264	6.23572688624133	6.25345492893317	5.6869401364653	6.70029844237004	6.83703948583981	6.56348933304354	6.74850571764494	6.87577391565762	7.12321039460324	6.77448102398492	7.17202227673052	6.84578174037004	6.22642650765932	6.58642930141952	6.3360213391446
EOMES	6.13227884549084	6.37462092448873	2.90234145756665	4.17475733464438	7.42568912127772	7.80515618483265	6.91540946506277	7.69172200511428	6.0435490694911	6.54367564186622	5.51331030269171	6.83595102226935	6.23068498647661	6.93091076488561	5.54346374731714	6.36077043593976
PLEK	5.52594553346597	6.52326798085431	4.1909279701937	4.10890101029552	7.46464748819701	7.68952128062082	6.38390825681	7.18445921498324	6.17266352277586	6.72541711365531	5.73155172645772	6.56601903681385	6.10769101387697	6.89752372105721	5.13086940001729	5.37628153518365
SAMD3	4.78343326815024	6.22782421072675	2.68807582871811	4.67418975136639	6.60328742638025	7.47129599023306	4.53206416063771	7.13564659083041	5.94361362934903	6.94355679334256	4.32148490067906	6.50990806690296	6.31726608792112	6.57455943383255	4.50917710838118	5.61443673028078
HNRNPLL	5.52521436631575	5.58910933152381	6.08943842573763	5.91288441257953	6.02663477240786	6.04282882778241	6.48277893632672	6.31132453964667	5.79859228398271	5.86630593968779	6.21504141425796	6.30863011209433	5.75142390038396	5.71378355965659	6.4214271820728	6.00774341985413
PDE4B	6.09974430734139	6.29318290214653	5.68410763318188	5.09867661010317	6.37918151488689	6.18502886871484	5.43300599449924	6.16120912762877	6.36395750285876	6.48948657156617	5.82072948140801	6.17067418218994	6.3037048141166	6.17619546387894	5.42738541337411	5.83906397503473
YPEL5	5.88572871152322	5.87939637142769	4.87352742451592	6.10225380202237	5.7494782825716	6.02431046100411	5.32588286513408	6.3653408102874	5.87766739724846	6.3638414038922	5.51241073487765	6.42930688222079	6.22559024657255	5.81440437510501	5.31683238006882	6.11323519009116
DUSP2	4.38123693907936	5.74050064494019	5.96454002560217	6.22873007378971	5.18293713059116	6.12482475754888	6.54110698379748	6.24163216647655	4.53252303446645	5.42843959400474	6.31386680083089	6.18485302139882	4.39862855275674	6.42694858134388	5.64356092441601	6.42252734275823
YBX3	5.25317675313721	5.06267813892283	6.5027351685634	5.24090862924574	5.38323052469418	5.6179891652432	6.07671618015571	5.33049026404917	5.01283069152489	5.53289925250834	6.07887889156053	5.16225270412786	5.45003963860845	5.26154067235118	5.88416857306584	4.7924894652967
RGS1	3.20003508972188	4.47767791515529	5.75247737968355	4.94903439869104	4.70386171509828	5.58877761596603	6.17397791587372	5.9397690916138	3.61918128373073	4.64217709603001	7.33252249301828	5.81213163794942	3.36264519337211	4.6298280712293	4.89280719636076	5.21844726688011
PLCG2	4.97659192957069	5.46938038343569	5.6505551588676	5.02916687039987	5.63042033394743	5.79734203534425	5.65654531581404	5.02216629284363	4.80569869560296	5.0070685506405	5.18558471240316	4.81961496017417	4.38373670143062	5.09831414680281	5.10727950436912	4.65822090949109
GPR183	3.76328487751743	4.46596809933818	3.65942948791756	3.46842129832303	4.42403798828702	5.55707827636085	4.01568223110971	5.93877975071487	5.01713598192425	6.06299571727412	3.94580427198626	6.56341666844369	4.81473107642055	4.86764638630054	4.23219658930109	5.58005434660408
GZMM	5.09563274785206	5.43289601343924	3.9495175022132	4.94189580693584	5.36193933222839	5.6197953965172	4.31648434995937	5.4929801821764	5.0542691132033	5.38745240780583	4.42645234391372	4.97912014042274	4.71382104049356	5.51520091738574	3.30994063991564	4.8446664971935
KLRG1	3.70249242832385	5.73354094829797	1.86012174171678	2.97181005407153	5.42489283844433	6.16166120311472	3.72060724827391	5.73160372899765	3.70974057542188	5.01281428954193	3.08606317001974	4.65825493440346	5.16562686671934	6.16409316553252	4.29546978699551	4.83011109876336
CCL4L2	4.23865603383045	5.43375505091196	3.73455347719234	4.57616439252836	5.34625505707801	5.85726330093132	4.06465455979191	6.64524444883664	4.39372476268694	4.15672028574931	2.12549528940431	4.52371860350607	4.10982086797451	5.69476300929252	2.19147416530159	4.79825315811865
TRAT1	4.8291742819802	4.76659914997561	3.81752311357347	3.67195887147959	5.62447246463924	5.61436990438773	4.67746741922952	4.88096621742515	5.2015097686488	5.23062026038334	4.82309998120609	4.68882276825564	5.17334486998766	4.88402265116275	4.61333168793676	3.65573245781267
IFRD1	4.74877642087459	4.52842278647874	5.00998075930543	4.85444502986181	4.87485452327381	4.74737904726242	4.82282706906437	5.09502321342414	4.68777152608094	4.86563897598686	4.96924873859811	4.94753471717892	4.86444600828081	4.33750332128845	4.60986256326599	4.66075409009787
CRTAM	4.12163770386169	2.95286193164819	4.92432838003896	3.44264228451783	5.05771570261453	4.17322448224705	5.85900175004169	4.27863289096708	4.51131532097817	3.84768301217487	6.07339975218301	3.87140445744413	4.56040761216858	4.14540228422858	5.11790201116844	3.58813909839923
RGCC	3.80725502113423	3.93129089356346	5.5770509693761	3.14875460647545	3.85432678572239	4.02843692373474	4.55182839376792	3.78786455594446	4.05153674193699	4.28950753278397	5.41949716499486	4.13478144100902	3.9860094609597	4.10231104759726	4.23520188544539	4.03343968496735
CMC1	3.22546473544867	3.06799538194543	3.54118401398616	2.99957878582739	5.05530602487494	5.57580918829686	4.31214516274465	5.66077095859549	3.68018128197153	4.36152343793296	4.10941779907407	4.14177614514345	3.62994258413412	3.27144603289087	3.90616446670339	3.83689060776698
DTHD1	1.5057750968637	3.38821204928492	2.30557748244557	2.54630573842766	3.91228675633013	4.64466874851283	5.06556381235019	4.98909668535605	2.9091400564946	3.93500220685816	5.13738577025905	4.74042192622786	2.15774848870182	4.60039837051078	4.18479570954136	3.61972999018103
ZNF331	4.25285870053953	4.1224351294967	4.97770258686311	3.85247635277599	4.1521673328232	4.00467167473729	4.45149875152112	3.9751492185518	3.56727953590595	3.483973102183	4.98100176384492	3.21494030015882	3.48862293742186	3.28384139530801	3.4223222736771	3.24072774738991
MARCKSL1	3.69990296120952	3.91415747913903	4.11016530108982	3.09827895537964	3.3507684180144	3.55398970386567	3.25593468351942	3.78566524890206	3.44478647694429	3.68159447484892	3.2287177869652	3.15628006719979	3.45101889145712	3.63535547562727	3.61460403102796	3.10594381426692
NR4A2	1.91594194923498	1.96685051181486	4.41680789688892	2.0730682319551	2.678908264797	2.44055906009297	4.16751769638657	3.08560682882664	2.51159199602991	1.58569731324497	5.28900783203654	2.61501489118891	1.9666711230715	2.92880023597367	2.93436394002845	3.28409137286472
EPHA4	2.22776713336256	2.63205051453298	-0.954398064024975	0.941724233094934	2.83689860909651	3.03872920330518	-0.950544820607658	2.89881252417503	3.3993326418821	4.33974511069068	0.488095619736777	3.50984972699023	3.96615284727952	3.41922203680758	0.0299254901248823	3.02960075407345
FCRL3	1.72538630522925	2.60179561014691	1.1031712371199	0.239123612859251	1.18396547786651	1.12973561308395	0.794211456576632	3.01601772855381	-0.00211435106258579	-0.0765629898023318	0.937391091224889	1.86803874442165	3.54325273664489	4.8258735137936	2.96365065737588	4.35613434173225
CCL3L3	0.999513537361442	2.52648523094217	1.60823769902955	1.78470425335674	3.17547091684394	3.74483978102665	1.94425178916352	4.11309532721009	1.83007554195926	1.22294905217976	0.848942215400546	1.78707584467019	1.2142921230672	2.59753065201873	-0.2775238679938	2.26769567284465
CHI3L2	2.23493974342404	2.44702599206049	0.423891023505514	3.34087308396493	1.92268752119385	2.63409169614499	1.59960565678648	2.91097091660047	1.85914480012348	2.56112898817908	1.27949017518798	2.39849388044135	2.77499861030647	2.83504937618862	1.68510585244851	2.66595366374039
TNFSF9	0.548312285732698	1.53887932871606	3.4987145238567	1.37630550547258	2.05722264463909	2.2169823779195	3.12021998738244	2.6651686011827	1.87820391973886	1.90528101245596	3.30550570648788	2.48903748242729	1.52295787606586	2.04827526939036	2.10868507201363	2.09863349184048
DUSP1	1.71516452415413	2.45381732862854	3.83469810075284	2.18094922572958	1.60010100844381	2.01219188642455	1.14589123544176	2.82790972894872	1.57366955954629	2.47050588297914	1.98729943602	2.25964038804945	1.74636633834534	2.45682723742634	1.22271098678889	2.43092939763552
PDLIM1	0.453113006775088	1.05820750921776	-0.196746721546784	-2.48714530379596	2.45347005158912	4.16004453235148	0.726261158435719	1.37736451612395	0.542871689996182	1.64609548826742	-0.657701182782874	0.51657595366925	1.08932039467531	2.09825919254802	0.235999385584416	-0.100465826435237
LGR6	-0.797773509845415	0.740427228718455	-1.69112261655413	-2.1718855373074	1.19568271632607	1.74724459219835	-1.12784200327676	1.9721190097699	-1.02339936381194	0.268992384213539	-1.11071561658168	0.19656389196689	-1.02555250654254	-0.909218073194542	-1.75666717485406	-1.7893815004238
ENC1	-1.6509372249664	-0.113231871932423	-1.69112261655413	-1.33582007859311	0.0173681019630936	1.36616652594079	-0.792670986389396	0.777588272328689	-1.25295715085842	0.645497334776306	-1.20226070773091	-0.036212854791905	-0.600146441036281	0.555655397195913	-0.860738199462321	0.615221003455146
