	HD276_Trest	HD276_Ttumor	HD276_Teff	HD276_Tex	HD280_Trest	HD280_Ttumor	HD280_Teff	HD280_Tex	HD286_Trest	HD286_Ttumor	HD286_Teff	HD286_Tex	HD287_Trest	HD287_Ttumor	HD287_Teff	HD287_Tex
ACTB	12.11493962613	12.1032040930685	12.5824697613896	11.831547342187	12.1441656570895	12.1503032377305	12.624168405797	11.9670011105864	12.1283451472616	11.8859979652434	12.4437083308846	12.0989985883217	11.9286867584762	12.232575210142	12.7704012944294	12.3145120831542
CCL5	11.0220133963621	12.5994198979049	9.51501185369616	12.6849803286297	11.5209770940116	12.5403899846625	10.0944822503112	12.7873199402562	11.6181696156181	12.7228570766461	10.4795835276117	12.7685899215242	11.2747266242167	12.5230470600165	9.982748481067	12.3683005735892
TMSB4X	11.0164147008408	11.0322901130918	11.3633363432315	11.1672757673392	11.0545839483276	10.9964618010058	11.2303131276053	11.0859602839448	11.1319737881425	11.0948765605638	11.3998751370852	11.155737761703	11.1017195277753	11.2019195428	11.4930358785835	11.1752293499669
HLA-A	10.9853519769912	11.3432198041528	10.7720855518342	11.0071079473602	11.0439127449755	11.2056507457818	10.5420118176047	11.0818070099553	10.6391550773983	10.8008671761994	10.3830145569422	10.4395132518418	11.0095392503628	11.4894333541708	10.3711590310071	10.7761464947963
LCP1	10.4892105454771	10.6350722433158	11.2619807214842	10.3996507913958	10.8686710438102	10.7941196391614	11.3726746369236	10.5232065686784	10.8856689909471	10.7069452400442	11.3938125051921	10.7978277018279	10.6525469636264	10.7403522015735	11.4861144890004	10.6552180838104
IL32	10.6300787706866	10.7664346324235	10.7838777560546	10.3895665753067	10.678569623285	10.4876908064504	10.4544680844134	10.6571327186895	10.7344431534249	10.5311629436678	10.6453656207569	10.2486758999209	10.5337935243744	10.8867482858892	10.5002570618627	10.2081418824665
PTPRC	10.4871939586698	10.4914166258294	9.65426812191079	10.2483717016041	10.451891412173	10.5614979890704	9.79694884631702	10.5155339583501	10.3791960380169	10.6609642897897	10.0252591272598	10.565314469003	10.6690183178408	10.3030356600208	10.0567838440388	10.3542418891619
HLA-C	10.4579435200256	10.7183551038194	9.81737509619357	10.3838395559641	10.6433226594869	10.7959181227974	9.89001995360901	10.6436295404471	10.1704333162262	10.2906958988774	9.7247731767449	9.82753153422554	10.1442868424522	10.5720064188205	9.24799033191681	9.73038006361853
CD8A	10.1751904624938	10.5664032518589	9.45333866763605	10.4634673764765	10.251125490933	10.5061181906924	9.68611404792538	10.5860274785914	10.2420410415608	10.5851630884356	9.68196077262517	10.5563992292243	10.1924984017108	10.5171619008859	9.68884306342341	10.420716769917
PFN1	10.0847617351994	10.2321519324755	10.6511491916406	9.88195240433065	10.2486668734151	10.3549347472317	10.4467983611131	10.1248037610694	10.0944802085908	9.97639598791904	10.2885085633406	9.99122100461956	9.95783631436272	10.370488718889	10.535463843801	10.1759910013566
CD74	9.96272461489505	10.4558622913895	9.68517315542713	8.80240931443795	10.6164510356639	10.8580668914776	10.3987316380778	9.87974904360817	10.2828678938977	10.2415364906186	10.3166724452327	9.86076487561775	10.0262568902358	10.7683788873756	9.97602733132988	9.83659516633587
CORO1A	9.84083327876148	10.3364306023403	9.897968600161	10.0306741185432	10.038771371647	10.3821487428015	10.0878079118937	10.2400980315051	9.90275520371031	10.0996923882206	9.97977360569216	10.0157399692529	9.75957145129866	10.6796637624835	9.98316751507872	10.404418417663
ARHGDIB	9.76671794688321	10.1740898993416	9.70716433841459	9.80226189928336	9.83234444530138	10.1331886867895	9.9032124517257	9.97315548415327	9.87733787038419	10.0285181920917	10.0330423552608	10.0795111337886	9.8153576380048	10.1600686929079	10.2625830484369	10.1836076749317
CFL1	9.62039003527355	9.72360974415251	9.53189276688619	9.14920322290794	9.75989334538125	9.78885614960373	9.86159814917293	9.50601544330067	9.71373283609634	9.53942030124864	9.64923953718313	9.61454692065854	9.45181734395405	9.92786155864797	9.97279565005487	9.75222077567993
WIPF1	9.37780666466358	9.62066724858319	8.90030734728716	9.40290814149295	9.46884525403753	9.6943472714506	9.25332683342217	9.70921769909255	9.39454163096225	9.62570616863689	9.44806544095394	9.78339335804218	9.44903819690447	9.63378888865784	9.26614808060598	9.66232714583054
CAP1	9.15942202942486	9.3478386455617	9.23279513486169	9.07639112256718	9.47163397247016	9.52942089850064	9.20684908673578	9.30469972137299	9.38624441401164	9.40141387761131	9.21974367520401	9.31921800880256	9.27025257224809	9.42721324693152	9.36218979700131	9.20367114117482
CD2	9.04841258033898	9.41891973860851	8.66546058307111	9.29988750242262	9.36978271392307	9.29184607921596	8.75676600450116	9.52063587352448	9.49103916918778	9.64363909997879	8.85005585116662	9.65686791716946	9.42256820356215	9.65816973208479	8.89015630649927	9.56578225170429
GZMA	8.70202046812568	9.52031269642439	7.56759097875002	8.05971685900866	9.77091920320612	9.93290454215623	9.41465019257403	9.91299976496397	9.36818948789714	9.56051224068621	8.96152710388623	9.59721167305408	9.06380092584584	9.44396495766876	9.06322188215463	8.87323610298125
GBP5	9.76571233216211	9.70180087111369	7.86303875350847	8.50591314901019	9.52536258409982	9.65631675369156	8.1295791019189	9.11496912651024	9.6374823928945	9.7741148030079	7.96861712051691	8.93684999209332	9.76137282325744	9.6958346261056	8.17048895282938	8.75618825240569
COTL1	8.70742892405369	8.77949801378186	9.72265586370931	8.66501972561697	8.86311192271073	9.05111428675998	9.57739456911234	8.72399021042808	9.10141538776306	9.22213651253716	9.83397754385404	9.11727175100195	8.61135318223486	9.00134700938437	9.73992367906684	9.00666902767676
NKG7	7.78198340508821	9.02576715769028	8.71383567618091	8.49227788229947	9.38677274442031	10.1069480555279	8.96388247792301	9.85062076506802	8.62508076291532	9.10753191134446	8.67239146902516	8.8829056546567	8.34206248963547	9.86531441759853	8.2173099844188	8.56083366683757
MYL6	8.92392016398797	9.1642548652723	8.67138118057308	8.68432085889918	9.20183421854184	9.11637984074803	8.76538826507697	8.99843531514435	9.13175947748251	8.96298972434366	8.69724417031235	9.00500241667535	8.98012619035001	9.30891254014158	9.00366546735246	9.00261835566637
CLIC1	8.48803657060832	8.86668787430822	8.88556086292727	8.81906363311941	8.84584543023957	8.83009421186783	8.75802940092774	8.756919712448	8.74015521396787	8.6590156340174	8.76565650382223	8.69517557791322	8.61773115043203	9.05972794690124	8.98621169111536	8.84392959842553
LYST	7.84808419897729	8.3422983154667	8.11382384851111	9.27631425953147	8.40615283641071	8.70522331305104	8.71622084136539	9.07545517394747	8.27460848586666	8.72052323428717	8.83978323349404	9.324478813653	8.25234030134996	8.47083392104399	8.51014423059119	9.0311654347965
CD44	8.64595004678886	9.0976548711854	7.50712998818491	8.31822598268998	8.35653561563387	8.78318218394321	6.95189396758285	8.31776669184702	8.66926280241032	9.28971857959828	7.87985485561717	9.19400417656133	8.7956242167267	8.91905924955686	7.81249815082698	9.07146740843276
CNN2	8.18901679354607	8.96057767845887	7.12467793233752	8.26814194296053	8.5957845642054	9.56906861585426	7.76174283988966	9.07066477978096	8.19798757476082	8.97848768615754	7.59635241902359	8.7010081447954	8.20535492864652	9.07379407667879	7.83743279004327	8.57743637248808
IFI16	8.19753193227018	8.40704547920557	8.23412193661884	8.82510388969105	8.32162026748209	8.48129057722736	8.76214438418561	8.48059789167567	8.40281164708358	8.40878396386065	8.77525051198056	8.82568976982385	8.24903448052676	8.30998118577498	8.88352736085095	8.78397619540693
CCR5	8.06659484285783	9.22859634986964	4.6197898124671	6.49572634635503	9.07583955649544	9.54807728238702	6.45582367911021	9.07764780741353	8.84951928085209	9.37176343247758	6.89981602365703	8.93080526562339	8.61250684767606	9.18169459461297	6.75320960720268	7.7944702885651
ITGB2	8.42250119493002	8.90358558548091	8.15523776534008	8.44346814297576	8.69824836682684	9.13412884701653	8.06732478162609	8.63951446147261	8.23311019573923	8.46277994519373	8.02394970509708	7.82181771874798	8.53122043026415	9.27884589230144	7.68215880769338	8.24662048829468
OAZ1	8.1898244353061	8.39529693317936	8.99379372951911	8.02092498203124	8.21887408994784	8.4998811027199	9.01127195021051	8.36179904844676	8.10359287713495	8.18406450696122	8.87134930621025	8.17582279454462	8.00314004133484	8.71486126085818	8.78385102393867	8.41296903888962
HLA-DRB1	7.48631326237243	8.30698584470331	7.37477277843084	5.10963946879505	8.81377198396708	8.80616804305715	8.71997902875222	7.30702246737042	8.24715237342306	8.07912568882933	8.43514487917273	7.4462935728493	7.73534523026643	8.57734030355654	7.78891568796677	6.67801400736824
APOBEC3C	7.49399402615799	8.02604715821557	8.21046770721428	7.61814241100532	7.87526604108098	8.14930348164179	8.2683809570801	7.91892039440965	7.71556279492048	7.95211221526761	8.25554957950451	7.9966085092557	7.73501932310393	8.24351419256418	8.20691890645317	8.12507971358059
CST7	6.83952808608389	8.27917583594439	7.45270227222892	8.08284872152373	7.86796160252309	8.66351091851567	7.86112874897173	8.90230176565581	7.25849239832724	8.05259503130758	8.14003052561	8.29394859162842	7.03901489880034	8.44467940584917	7.12878904473595	8.08626788193936
GIMAP4	7.70352717714581	8.24960007785323	5.6639631674879	7.80902328849827	7.52190818248454	8.30166401468858	6.1627753890387	8.45582811367708	7.90882048846211	8.81225526015884	6.52928964292883	8.60304497009705	8.18330764937292	8.45053263407276	7.09113413513519	8.2980711383768
MYL12B	7.85217130540806	7.84222312763336	7.81396681228104	7.52054972224476	8.14723548882709	8.09179297921027	7.90836682308716	7.90074522730682	8.06369681696982	8.02386116723773	7.93342876368192	7.88657699330559	7.99785241427131	7.84548276289443	7.97928837500073	7.72400193738426
HLA-DRA	7.03145099863307	7.80087354881565	7.17199298860772	5.13042157703842	8.42447388806018	8.5846312987665	8.62120328137015	7.24293985134603	7.91142479016522	8.084455622048	8.23756259425713	7.6599063063363	7.69402532791398	8.38408326237673	8.19587409652062	7.24081643161378
PTPRCAP	7.57359223552219	8.26910373157037	6.16078317706349	8.24926439277515	7.8547427818891	8.36163115395398	6.67526545718963	8.37758293559015	7.65053955015976	8.1852098616958	6.45398399819467	7.93116422462449	7.63271525701041	8.6336588492239	6.52605293822222	8.37769969806725
AOAH	6.85735689957392	7.81478883968519	6.04994878207747	7.86212016315851	7.87253120870486	8.4330537038175	7.40512478799435	8.59577780787702	7.6465503182719	8.00913302171151	7.14530121268407	8.33826236586792	7.72487950991474	8.30286170276217	7.10249301817291	8.18184826950804
APOBEC3G	7.00284909700661	7.77314288372945	7.74901892608691	7.34960159091638	7.77106849008436	8.12099420702787	7.88189448349252	7.81667189785032	7.39852707220744	7.74919827069721	7.96714059061492	7.6955982142827	7.48433120879744	8.28928515222004	7.82214907364474	7.86385659072143
CTSC	7.46987833677162	7.22436999280986	6.82050803074661	6.33958481162931	8.5012080026782	8.08112540775571	7.37562480006324	7.75688303117022	8.20661312496246	7.9652101929575	7.2439804100763	7.40740113250534	8.30960067105806	7.95356818617918	7.27704824706455	7.00748502573589
GGA2	7.39841175782317	7.77737891516707	7.51306914757244	8.03225240366244	7.52582968594574	7.59902473476972	7.62747010499684	7.78949011999353	7.59492144824382	7.8551795434921	7.72558817070433	8.02194541066763	7.3945325421426	7.76141768131862	7.38804442665539	7.63259768748784
PSME1	7.54898395417805	7.73060849500153	7.59794528611866	7.41292596407855	7.70406865619269	7.72491550888718	7.55418885152465	7.59062794117741	7.5471559896755	7.40135081933028	7.4364810328364	7.47080292861577	7.5342589989318	7.93170331536416	7.63159222697976	7.63967759324111
IDH2	7.01044481055994	7.41804076188838	7.43278878111608	6.7910023873557	7.42008134961168	7.63206431637167	7.7114195222359	7.12459551564359	7.47230699798819	7.56025960050201	8.0307194119536	7.53508151561785	7.21595121717584	7.89404579955548	8.10638583100104	7.54738163865857
HLA-DPA1	6.75349160468956	7.49639813512622	7.25176753825336	5.79841467954865	8.16587700228701	8.47240460507694	8.20494589712883	7.36285767008742	7.21698901432938	7.39937826223114	7.61553869676207	7.0334725594244	7.10102683002591	7.917479173992	7.54825854412754	6.1452451920071
CXCR4	8.21305150882454	7.16404757232296	7.96632460415118	5.45661552923756	7.87890443847963	7.4882033551061	7.10647609886506	7.28869671670986	7.68307882660233	7.09315287809434	7.32203619187848	7.41536016123067	7.96140110680011	7.54564794181317	6.85195708652533	7.41503727884564
CD38	7.08527274185383	6.89603154328333	7.27572052214595	8.53237877708905	7.04969203280232	6.50405076511639	7.94292420901952	6.54348636303752	6.8731043961993	6.67702565438972	8.00184635067874	6.92885225151597	7.232207340529	6.91132096848775	8.27009591276379	7.47113712701035
CD27	6.93950208392428	7.49680922189431	6.49134818805547	8.10298927672691	6.3788603540657	6.86446798972062	6.51018717351019	7.98294996742906	6.60253276542329	7.19547095551645	6.59746939599607	7.94072101052897	7.02788336912612	7.85771285549956	7.39141595852407	8.5646430355933
GZMK	5.47611913895666	7.2613740535827	3.48910464001322	4.21592173142832	7.88049335651136	8.82833785758982	6.73077712127784	8.82100893499917	6.64279275426831	7.68137050362951	6.04879306233124	7.97392483840111	6.63976784332585	7.49206945541476	5.87697092275698	6.94650668554767
ARAP2	7.27249316552702	7.16378872014249	6.07666232087048	6.45224803907455	7.84628842132058	7.67178335241982	6.81010598660646	7.74702609200184	7.45654268381391	7.50812600663793	6.95812808669398	7.25150350866672	7.57251915482875	7.02344183500987	6.6250342603368	6.66608575195698
SH2D1A	6.70685833462785	6.87941778756636	6.90559523923824	7.01500774482071	7.09868484567359	7.42538847484448	7.52573893889724	7.52506872990882	6.85367645782313	7.19975910142443	7.23963842571951	7.48439430667944	6.94436300897634	7.06353470048178	7.27558934018007	7.15020265678735
NFATC2	7.39180869322634	7.36835955651098	6.0560636212561	7.07450199500506	7.4904437243993	7.49165982172873	6.32231207576132	7.42122403004919	7.42570268482736	7.51137671706551	6.10118813937009	7.37635461129704	7.29943268022328	7.35156748379031	6.23808622812547	7.09998729464341
CXCR3	6.87840740160837	7.57442302112738	6.01981420144576	7.81517540290012	6.8853204710015	7.47662162273992	6.32626226461918	7.22560265277286	6.8919811835053	7.53172948536129	6.09399043820106	7.20189008048363	6.83973194880886	7.7472210487763	6.22151244540267	7.55148261526193
F2R	6.70233743599029	6.58797841252879	6.31763914650518	5.94741152890437	7.23906425481063	7.15052193230331	7.21194464607979	7.48242180795189	7.42529779699879	7.21554024416283	7.65805127453558	7.80777681082305	6.94267050302641	7.06802100130846	6.95352905450352	6.99474103475329
HLA-DPB1	6.26652061468859	7.27270083628012	5.82110823449529	5.17285193372382	7.66890494885575	8.22966423572154	7.41105453261689	7.12807164108697	6.91926622010795	7.47853522685888	6.80124472872474	7.11006789478541	6.51358510050899	7.49856504486306	6.27542550314056	5.93635976395677
DUSP4	5.45323859039246	5.29787646362989	8.7962064874468	6.31018654470848	6.06586804372847	5.39003309439812	8.02143783406794	5.37870877577864	6.10146331233822	5.4189506957503	9.00957610398961	6.21058348104183	5.22995019098066	5.71321084855018	7.45353823618234	6.16009277706989
HLA-DQB1	3.57546490481106	4.41815460067882	3.90865060202779	1.06699769143339	7.95735736223987	8.08701321195984	7.85641808282647	7.00656883980483	7.05526869661772	7.39212239032777	7.54932447042049	6.84740596591879	6.90608246637331	7.63135403729857	6.92240349200994	5.92217715681875
CASP4	6.77947767194253	7.28798292566088	5.53388786549348	7.03455385091394	7.07191511134809	7.44793185248195	6.39899023158916	7.51365281966953	7.04634433824341	7.49853446529282	6.41118876174782	7.44252198363794	7.00129985654257	7.16481327678689	6.43096058417221	7.1778788014946
CCL4	6.62732604207751	7.48525428209637	7.07656067831713	6.74428477823014	7.2230511993157	6.93071979127154	6.44925243551974	7.5933025195466	7.11674126688069	6.4712398482633	5.86015444049498	7.06631695434297	6.37655314118279	7.50039185888764	5.7623794369945	6.90089585615807
PSMB9	6.99864117642243	7.22610655621202	6.64285459752985	7.05973909510101	7.04807706642961	7.23111213301381	6.7753276977136	6.98803739763701	6.8908085928234	6.84683206528503	6.53859805811041	6.77839346065922	6.70711291649682	7.2424788650314	6.60571577532945	6.58571795994319
PSME2	6.83156574938868	6.94896714693379	6.93110455970855	7.05123482685918	7.03895904126215	6.77787292557862	7.05113609262206	6.58264989525397	6.92242568405575	6.37101688756182	6.84905806555431	6.53403346206537	6.90984105960616	6.95145270020071	7.18834431275035	6.73651952678812
UBE2L6	6.71200778801192	7.07407404330193	6.48893943371931	7.77729010637985	6.63698138118146	6.97490299696169	6.61841095506273	6.88676670823896	6.61145838759587	6.79442361132997	6.41215368977191	6.84097375512713	6.76986406956729	7.11169850414671	6.62044434752789	6.9423483401001
ANXA5	6.51874941348301	6.97191754870762	6.07786489855384	6.39290852624237	6.74957105944479	7.28142784978146	6.03256108453221	6.79817284241453	6.89549324803786	7.33936878837786	6.49098692746182	7.23796782387723	6.86109485150672	7.28741675924692	6.56000667561483	6.85047103326907
TERF2IP	6.58339646133391	6.72902284366932	6.4455008939204	6.68260625610093	6.86046202892244	7.05984972971932	6.57137800193739	7.08512441373595	6.70615980605725	7.02712236575572	6.71277482708333	6.97037135637915	6.78316553006194	6.81051078014307	6.4543608840527	6.85324222948772
ITM2C	7.19024421794469	7.32734480865585	7.18283825225263	6.55474275553426	6.3016717838927	5.93137369071553	5.98246778814573	6.21163807693999	7.08633237171681	6.93601674123096	7.38088609134781	6.52157436800629	6.9081075409569	6.75148949379689	6.72996156887105	6.70465081853417
HLA-DMA	5.69476227443795	6.92595104449018	5.78130731876095	5.74726803562056	7.06174699843508	7.59137416309035	6.96991073307704	6.84169491902872	6.40560390098285	7.02655448171203	6.40683858121532	6.89475461305443	6.05539907832909	7.43086168267122	6.52881108537652	6.46988074166298
RNF19A	6.34111956509299	6.25140354513228	7.38776060189479	6.35962155436821	6.58196148234955	6.54391655244298	6.96300780917323	6.65581927467966	6.63090251742491	6.63926476472439	7.50569258765339	6.8703975114984	6.65879231422266	6.33724783733239	6.71953743045025	6.46155094236538
PYHIN1	5.91616597033758	6.9609349912942	4.90548702644808	6.19695779298912	6.42904746701226	7.08229363179128	6.30494718059533	7.4646600341686	6.56846940932763	7.22324265385254	6.47583804466781	7.79267236268534	6.29665525137361	6.91580792336033	6.23658736379933	6.96891027736403
HLA-DQA1	4.19702684355024	4.56023891812282	4.96562619508386	2.3445552569877	7.88728325360305	7.46812456913819	7.82985146011466	6.06927205057287	6.70215453663576	6.41724061737989	7.1878982409154	5.86169225726796	6.92877354236534	7.06420853562118	6.72248520606403	4.95919745568953
REEP5	6.65966696432845	6.74121834071556	6.13675046324168	6.55039092166182	6.99248394110424	6.73629616213989	6.62949757231122	6.72258481519901	6.97648668559	6.96949318349783	6.43512043788956	6.84989965685535	6.73736602113708	6.44981838745356	6.35321474995978	6.27325985017911
NAA50	6.60984542866264	6.23572688624133	6.25345492893317	5.6869401364653	6.70029844237004	6.83703948583981	6.56348933304354	6.74850571764494	6.87577391565762	7.12321039460324	6.77448102398492	7.17202227673052	6.84578174037004	6.22642650765932	6.58642930141952	6.3360213391446
EOMES	6.13227884549084	6.37462092448873	2.90234145756665	4.17475733464438	7.42568912127772	7.80515618483265	6.91540946506277	7.69172200511428	6.0435490694911	6.54367564186622	5.51331030269171	6.83595102226935	6.23068498647661	6.93091076488561	5.54346374731714	6.36077043593976
PSMA7	6.57458907282224	6.50171923562067	6.98166556844438	6.124493618844	6.63483116406253	6.36630915256461	6.97632379839222	6.25202431773978	6.58015596423725	6.31538053477798	6.90050379674321	6.28460437510069	6.40878506410208	6.57235061291117	7.06751234711815	6.23891870385951
SUB1	6.36624177658548	6.01012363317548	6.89471805161455	6.34577965501611	6.55350184891147	6.50958183344037	6.98248094392154	6.46663095501277	6.49049529039068	6.48989859951963	7.03436888813751	6.65874198232486	6.44470385677662	5.95812978309536	6.94896001911829	6.25199761773951
HLA-DRB5	5.81987910345109	6.67954520055837	5.69668703867681	3.59603517954585	6.6588382847241	6.7262710184241	6.62629704049907	5.24262553942844	7.40388000588097	7.3714754760363	7.48383061641762	6.69723465997878	6.00492982503968	6.95436353071706	6.03276435586915	5.00178068938131
GZMH	5.02704683795524	6.21438949433564	7.9249356946703	5.05680758204176	6.89411174729776	7.01617404648276	5.94138287010008	7.12023854742941	4.86541870821169	5.07125148037543	5.40502924282622	5.87084212475311	6.04439373106653	7.11452048205753	6.19397416721791	6.01320528626693
ITM2A	6.41639417501195	6.31572596928302	6.52729853506568	6.08708041229019	6.06347195541122	5.80582944718024	6.44397380492764	5.96719872354135	5.62400115511946	5.97566957687353	5.97234993895792	5.79152416787812	6.70943721432692	6.90004214590179	7.11967034791773	6.91289940362115
ADA	5.8282024589943	6.263533497191	5.80957240709835	4.97823793851635	6.37338965300646	6.6733346414036	6.36657605554317	6.18560174135643	6.28805190208647	6.51035139058597	6.39566149057838	6.27456274360749	6.20361684058397	6.77472998704585	6.41348954843432	6.15291302894598
APOBEC3H	5.13450499773464	6.18407893921931	5.72100845372022	5.95401614987776	6.35848171724828	6.99034380489305	6.27293048099263	6.18810173539556	5.78918293535572	6.62920057848928	6.54608969944785	6.49131735577624	5.78266455272562	6.67649861451258	6.15205293139463	6.03240514751963
SAMD3	4.78343326815024	6.22782421072675	2.68807582871811	4.67418975136639	6.60328742638025	7.47129599023306	4.53206416063771	7.13564659083041	5.94361362934903	6.94355679334256	4.32148490067906	6.50990806690296	6.31726608792112	6.57455943383255	4.50917710838118	5.61443673028078
GYG1	6.09777854135209	6.01873699634949	4.74719948760951	5.14203690297569	6.81251687799037	6.40068431171401	5.68646795644512	5.82772774278925	6.8318463971358	6.54089469487675	5.7392614774596	5.99641585019826	6.43028243908045	6.31023564391703	5.74086665418121	5.60394454117854
HNRNPLL	5.52521436631575	5.58910933152381	6.08943842573763	5.91288441257953	6.02663477240786	6.04282882778241	6.48277893632672	6.31132453964667	5.79859228398271	5.86630593968779	6.21504141425796	6.30863011209433	5.75142390038396	5.71378355965659	6.4214271820728	6.00774341985413
DUSP2	4.38123693907936	5.74050064494019	5.96454002560217	6.22873007378971	5.18293713059116	6.12482475754888	6.54110698379748	6.24163216647655	4.53252303446645	5.42843959400474	6.31386680083089	6.18485302139882	4.39862855275674	6.42694858134388	5.64356092441601	6.42252734275823
CLEC2B	5.85113889726706	5.87624008506631	5.75097038973695	5.43426100772817	5.76676439802132	5.96539208905041	5.2990909958666	6.1049899252894	6.0530149376959	6.42803136970585	6.40538560122087	6.34948405863715	6.08792019710604	5.59508486888288	5.55913814754979	5.7419243250916
HLA-DMB	5.09858477627488	6.23029845015065	4.56023117871348	3.97742904287272	6.27809963383558	6.61053055862655	5.87527046058139	5.38089580749739	5.72549289062006	6.35798493009492	5.38157447615788	5.67902543046103	5.5556828422407	6.50214383781139	5.38403999792445	5.02359446994328
GLIPR2	5.48667380012587	6.09021826460727	4.34270773115504	5.41597740489547	5.96163990840926	6.02431046100411	4.96688362477842	6.03542671840332	5.62258909722393	5.99843608509734	4.60415315780595	5.7232187732141	5.77190242633331	5.97112251745056	4.77487773923165	5.57804552413077
RGS1	3.20003508972188	4.47767791515529	5.75247737968355	4.94903439869104	4.70386171509828	5.58877761596603	6.17397791587372	5.9397690916138	3.61918128373073	4.64217709603001	7.33252249301828	5.81213163794942	3.36264519337211	4.6298280712293	4.89280719636076	5.21844726688011
FRMD4B	4.57597351624017	5.23026486499285	6.77501721781165	4.79343116331415	5.065719017293	5.12427213440449	5.66621091826942	5.08700810765472	5.03210411957364	5.4865782031228	6.00021000659989	5.17025647143423	4.73353189139242	4.94578094782896	5.30829612785615	4.46739270536778
CCL4L2	4.23865603383045	5.43375505091196	3.73455347719234	4.57616439252836	5.34625505707801	5.85726330093132	4.06465455979191	6.64524444883664	4.39372476268694	4.15672028574931	2.12549528940431	4.52371860350607	4.10982086797451	5.69476300929252	2.19147416530159	4.79825315811865
TRAT1	4.8291742819802	4.76659914997561	3.81752311357347	3.67195887147959	5.62447246463924	5.61436990438773	4.67746741922952	4.88096621742515	5.2015097686488	5.23062026038334	4.82309998120609	4.68882276825564	5.17334486998766	4.88402265116275	4.61333168793676	3.65573245781267
CRTAM	4.12163770386169	2.95286193164819	4.92432838003896	3.44264228451783	5.05771570261453	4.17322448224705	5.85900175004169	4.27863289096708	4.51131532097817	3.84768301217487	6.07339975218301	3.87140445744413	4.56040761216858	4.14540228422858	5.11790201116844	3.58813909839923
OASL	2.83970405200886	4.93986404773358	2.57452469268738	5.68998676904979	4.72119310564582	5.48623944880515	3.97783023593177	4.42287723965373	3.67474118511778	4.48736208017219	3.86071580665548	4.61367113065689	3.98381661865715	5.05557933945246	3.958018787365	4.18894952581512
CMC1	3.22546473544867	3.06799538194543	3.54118401398616	2.99957878582739	5.05530602487494	5.57580918829686	4.31214516274465	5.66077095859549	3.68018128197153	4.36152343793296	4.10941779907407	4.14177614514345	3.62994258413412	3.27144603289087	3.90616446670339	3.83689060776698
DTHD1	1.5057750968637	3.38821204928492	2.30557748244557	2.54630573842766	3.91228675633013	4.64466874851283	5.06556381235019	4.98909668535605	2.9091400564946	3.93500220685816	5.13738577025905	4.74042192622786	2.15774848870182	4.60039837051078	4.18479570954136	3.61972999018103
HLA-DQA2	2.17653485132765	2.20283606472575	2.74570783765763	0.341870385618744	2.05078566726709	1.70249152373044	1.7180436064131	-0.0957418627705199	3.16722890994991	2.58600907824245	3.41352892860891	1.68861661541548	3.93243881739997	4.6634207426553	3.99926183895776	2.19265871485643
CPNE7	0.701144526306895	2.61397381455607	2.56997369943319	2.79746676852079	1.79755815691027	3.10556567029391	1.13282824804307	2.81933441269298	1.68609128840791	2.67566506959972	0.517086936146727	2.30188497573522	2.75970007486733	4.10755046953724	1.52732998903853	3.85026883670849
CHI3L2	2.23493974342404	2.44702599206049	0.423891023505514	3.34087308396493	1.92268752119385	2.63409169614499	1.59960565678648	2.91097091660047	1.85914480012348	2.56112898817908	1.27949017518798	2.39849388044135	2.77499861030647	2.83504937618862	1.68510585244851	2.66595366374039
FABP5	0.0595640965312122	-0.283497827990571	3.06318453194644	-0.703748723223296	0.387976505557609	0.267573009469394	2.75712237989742	0.0579559606186405	0.281717363996659	-0.531860061002969	2.6746724487519	0.45800178024522	-0.040155253095414	0.782240438152531	2.66250229914522	1.28775456098228
ENC1	-1.6509372249664	-0.113231871932423	-1.69112261655413	-1.33582007859311	0.0173681019630936	1.36616652594079	-0.792670986389396	0.777588272328689	-1.25295715085842	0.645497334776306	-1.20226070773091	-0.036212854791905	-0.600146441036281	0.555655397195913	-0.860738199462321	0.615221003455146
