	HD276_Trest	HD276_Ttumor	HD276_Teff	HD276_Tex	HD280_Trest	HD280_Ttumor	HD280_Teff	HD280_Tex	HD286_Trest	HD286_Ttumor	HD286_Teff	HD286_Tex	HD287_Trest	HD287_Ttumor	HD287_Teff	HD287_Tex
CCL5	11.0220133963621	12.5994198979049	9.51501185369616	12.6849803286297	11.5209770940116	12.5403899846625	10.0944822503112	12.7873199402562	11.6181696156181	12.7228570766461	10.4795835276117	12.7685899215242	11.2747266242167	12.5230470600165	9.982748481067	12.3683005735892
HLA-A	10.9853519769912	11.3432198041528	10.7720855518342	11.0071079473602	11.0439127449755	11.2056507457818	10.5420118176047	11.0818070099553	10.6391550773983	10.8008671761994	10.3830145569422	10.4395132518418	11.0095392503628	11.4894333541708	10.3711590310071	10.7761464947963
CD8A	10.1751904624938	10.5664032518589	9.45333866763605	10.4634673764765	10.251125490933	10.5061181906924	9.68611404792538	10.5860274785914	10.2420410415608	10.5851630884356	9.68196077262517	10.5563992292243	10.1924984017108	10.5171619008859	9.68884306342341	10.420716769917
CD74	9.96272461489505	10.4558622913895	9.68517315542713	8.80240931443795	10.6164510356639	10.8580668914776	10.3987316380778	9.87974904360817	10.2828678938977	10.2415364906186	10.3166724452327	9.86076487561775	10.0262568902358	10.7683788873756	9.97602733132988	9.83659516633587
PRF1	8.32273158858435	9.75191206037206	8.13516084876489	9.89752054368532	9.19208766574345	10.1844326695129	8.61571201916279	10.1109267211541	9.05217889484798	9.83128219503087	8.55978284720227	9.91722735999688	8.8234816989916	10.0684146429312	8.18231310495624	9.59235656675164
CD2	9.04841258033898	9.41891973860851	8.66546058307111	9.29988750242262	9.36978271392307	9.29184607921596	8.75676600450116	9.52063587352448	9.49103916918778	9.64363909997879	8.85005585116662	9.65686791716946	9.42256820356215	9.65816973208479	8.89015630649927	9.56578225170429
GZMA	8.70202046812568	9.52031269642439	7.56759097875002	8.05971685900866	9.77091920320612	9.93290454215623	9.41465019257403	9.91299976496397	9.36818948789714	9.56051224068621	8.96152710388623	9.59721167305408	9.06380092584584	9.44396495766876	9.06322188215463	8.87323610298125
COTL1	8.70742892405369	8.77949801378186	9.72265586370931	8.66501972561697	8.86311192271073	9.05111428675998	9.57739456911234	8.72399021042808	9.10141538776306	9.22213651253716	9.83397754385404	9.11727175100195	8.61135318223486	9.00134700938437	9.73992367906684	9.00666902767676
NKG7	7.78198340508821	9.02576715769028	8.71383567618091	8.49227788229947	9.38677274442031	10.1069480555279	8.96388247792301	9.85062076506802	8.62508076291532	9.10753191134446	8.67239146902516	8.8829056546567	8.34206248963547	9.86531441759853	8.2173099844188	8.56083366683757
LYST	7.84808419897729	8.3422983154667	8.11382384851111	9.27631425953147	8.40615283641071	8.70522331305104	8.71622084136539	9.07545517394747	8.27460848586666	8.72052323428717	8.83978323349404	9.324478813653	8.25234030134996	8.47083392104399	8.51014423059119	9.0311654347965
IFI16	8.19753193227018	8.40704547920557	8.23412193661884	8.82510388969105	8.32162026748209	8.48129057722736	8.76214438418561	8.48059789167567	8.40281164708358	8.40878396386065	8.77525051198056	8.82568976982385	8.24903448052676	8.30998118577498	8.88352736085095	8.78397619540693
CCR5	8.06659484285783	9.22859634986964	4.6197898124671	6.49572634635503	9.07583955649544	9.54807728238702	6.45582367911021	9.07764780741353	8.84951928085209	9.37176343247758	6.89981602365703	8.93080526562339	8.61250684767606	9.18169459461297	6.75320960720268	7.7944702885651
CXCR6	8.08370436014105	9.0535570041527	5.03578835362409	7.64445121536248	8.50878638762171	9.09759986129006	6.53677450927481	9.22532722564796	8.93206361636607	9.27209980205054	6.59066675441112	9.31593634238575	8.4404891607932	9.06006579398968	6.79759497439217	8.68292014099688
HLA-DRB1	7.48631326237243	8.30698584470331	7.37477277843084	5.10963946879505	8.81377198396708	8.80616804305715	8.71997902875222	7.30702246737042	8.24715237342306	8.07912568882933	8.43514487917273	7.4462935728493	7.73534523026643	8.57734030355654	7.78891568796677	6.67801400736824
APOBEC3C	7.49399402615799	8.02604715821557	8.21046770721428	7.61814241100532	7.87526604108098	8.14930348164179	8.2683809570801	7.91892039440965	7.71556279492048	7.95211221526761	8.25554957950451	7.9966085092557	7.73501932310393	8.24351419256418	8.20691890645317	8.12507971358059
CST7	6.83952808608389	8.27917583594439	7.45270227222892	8.08284872152373	7.86796160252309	8.66351091851567	7.86112874897173	8.90230176565581	7.25849239832724	8.05259503130758	8.14003052561	8.29394859162842	7.03901489880034	8.44467940584917	7.12878904473595	8.08626788193936
LAG3	6.99362827735666	7.74036243591573	8.99118987456159	8.33116311440431	7.2088473070461	7.40213743835242	8.38856736220249	8.06253990402564	7.41146356107284	7.37415625661661	8.66076717401272	8.04886194743521	6.732803013568	7.92627758626286	7.7653311898471	7.93569104001088
CBLB	7.88117584760668	8.04458262716141	7.07876479405891	8.28183689126093	7.82852422114651	7.83215337214937	7.21814234652487	8.14409675679527	8.00340087228407	8.30138217480381	7.54844708740156	8.47988566279511	8.06369783537334	7.91573792443541	7.42749934003656	8.19151604777886
HLA-DRA	7.03145099863307	7.80087354881565	7.17199298860772	5.13042157703842	8.42447388806018	8.5846312987665	8.62120328137015	7.24293985134603	7.91142479016522	8.084455622048	8.23756259425713	7.6599063063363	7.69402532791398	8.38408326237673	8.19587409652062	7.24081643161378
TIGIT	6.21349633497669	6.68857012403547	7.78333340464526	8.00168257425667	7.4474453889665	8.04057300072891	8.27545622661016	8.06299399306488	7.23211444067307	7.30395606451347	8.176832061742	8.00925290477586	7.12659559359066	8.00255229023198	8.10299671462939	8.29715556383652
APOBEC3G	7.00284909700661	7.77314288372945	7.74901892608691	7.34960159091638	7.77106849008436	8.12099420702787	7.88189448349252	7.81667189785032	7.39852707220744	7.74919827069721	7.96714059061492	7.6955982142827	7.48433120879744	8.28928515222004	7.82214907364474	7.86385659072143
SLA	7.42295659784229	7.69987385754236	7.02304201512663	7.50160104664903	7.72000368289409	7.54459864916229	7.93259651823293	7.65544636363592	7.89324156785462	7.7048092575489	7.78657413767666	7.73293951897954	7.63865126817141	8.13726671543263	7.97928837500073	7.83876811386486
CTSC	7.46987833677162	7.22436999280986	6.82050803074661	6.33958481162931	8.5012080026782	8.08112540775571	7.37562480006324	7.75688303117022	8.20661312496246	7.9652101929575	7.2439804100763	7.40740113250534	8.30960067105806	7.95356818617918	7.27704824706455	7.00748502573589
GGA2	7.39841175782317	7.77737891516707	7.51306914757244	8.03225240366244	7.52582968594574	7.59902473476972	7.62747010499684	7.78949011999353	7.59492144824382	7.8551795434921	7.72558817070433	8.02194541066763	7.3945325421426	7.76141768131862	7.38804442665539	7.63259768748784
HLA-DPA1	6.75349160468956	7.49639813512622	7.25176753825336	5.79841467954865	8.16587700228701	8.47240460507694	8.20494589712883	7.36285767008742	7.21698901432938	7.39937826223114	7.61553869676207	7.0334725594244	7.10102683002591	7.917479173992	7.54825854412754	6.1452451920071
CD38	7.08527274185383	6.89603154328333	7.27572052214595	8.53237877708905	7.04969203280232	6.50405076511639	7.94292420901952	6.54348636303752	6.8731043961993	6.67702565438972	8.00184635067874	6.92885225151597	7.232207340529	6.91132096848775	8.27009591276379	7.47113712701035
FKBP1A	7.38638361619565	6.96688188857967	7.90519933377652	7.36874035534165	7.35332107657503	7.01021882666166	7.65414354000371	7.33812082532137	7.33074868712444	7.04152839349701	7.61302319558895	7.3142476659941	7.3795981308121	6.94463783550771	7.85267859653378	7.30051376579011
CD27	6.93950208392428	7.49680922189431	6.49134818805547	8.10298927672691	6.3788603540657	6.86446798972062	6.51018717351019	7.98294996742906	6.60253276542329	7.19547095551645	6.59746939599607	7.94072101052897	7.02788336912612	7.85771285549956	7.39141595852407	8.5646430355933
GZMK	5.47611913895666	7.2613740535827	3.48910464001322	4.21592173142832	7.88049335651136	8.82833785758982	6.73077712127784	8.82100893499917	6.64279275426831	7.68137050362951	6.04879306233124	7.97392483840111	6.63976784332585	7.49206945541476	5.87697092275698	6.94650668554767
PARK7	6.77978422786298	6.89852274389091	7.95981644247457	6.73310375133973	6.96792549098139	7.07638649534781	7.94327498953771	7.08131899610968	6.8908085928234	6.77562141996708	7.80487433377391	7.06570411951583	6.69375889574685	7.07338621176325	7.96034400143413	7.08944900110378
HAVCR2	6.53844949866387	6.89914487247777	7.57229170407203	7.78058076726243	6.33814152385763	6.12312781686746	6.86889769060268	7.12263650810154	7.38046952288121	7.00653638754778	7.36053557207021	7.12837770041099	6.81435063618029	7.18457350413954	7.08469222474461	7.32846551170628
CD82	6.38207725540269	6.60409408180498	7.80419111560744	7.24887075945009	6.84287255982493	6.56563198930871	7.52214292578249	6.69179206752206	6.8659614337482	6.46873368175756	7.78042212111335	6.69009507902546	6.60487852454445	6.98244052557836	7.11335488185722	7.39006487744975
HLA-DPB1	6.26652061468859	7.27270083628012	5.82110823449529	5.17285193372382	7.66890494885575	8.22966423572154	7.41105453261689	7.12807164108697	6.91926622010795	7.47853522685888	6.80124472872474	7.11006789478541	6.51358510050899	7.49856504486306	6.27542550314056	5.93635976395677
SIRPG	6.3953420690295	7.16844096830672	6.6900160817019	8.48729543761357	5.89806756415905	6.6440504248266	6.94840326059374	7.41874257638758	5.33424262986222	5.74934426287046	6.5949221628319	6.73279808773998	6.22559024657255	7.09288968799831	7.45289295893981	7.77267917725553
DUSP4	5.45323859039246	5.29787646362989	8.7962064874468	6.31018654470848	6.06586804372847	5.39003309439812	8.02143783406794	5.37870877577864	6.10146331233822	5.4189506957503	9.00957610398961	6.21058348104183	5.22995019098066	5.71321084855018	7.45353823618234	6.16009277706989
HLA-DQB1	3.57546490481106	4.41815460067882	3.90865060202779	1.06699769143339	7.95735736223987	8.08701321195984	7.85641808282647	7.00656883980483	7.05526869661772	7.39212239032777	7.54932447042049	6.84740596591879	6.90608246637331	7.63135403729857	6.92240349200994	5.92217715681875
GALM	5.64649471746283	6.45594107605014	7.47782120535685	6.64196592183604	6.51134371224863	6.70714243608393	8.09389853053066	6.82626339082434	6.22245100279514	6.57197278256364	8.11846619474852	7.02467037281011	5.77126685295938	6.67737972815377	7.58494261199572	6.60984309057409
SAMSN1	7.14883530596786	6.70146762675888	7.42257024572843	6.44685503407817	6.71232923327654	6.19959473475694	7.1216396701247	6.42307829437533	7.01008439077789	6.56142628934386	7.54515214063144	6.55295999723372	7.29036731668313	6.74421946836604	7.38669360464489	6.94832219948974
CCL4	6.62732604207751	7.48525428209637	7.07656067831713	6.74428477823014	7.2230511993157	6.93071979127154	6.44925243551974	7.5933025195466	7.11674126688069	6.4712398482633	5.86015444049498	7.06631695434297	6.37655314118279	7.50039185888764	5.7623794369945	6.90089585615807
PHLDA1	6.06293683455399	5.4016249845142	7.64967652232654	5.57142168508094	6.57665038669078	5.54635513785495	7.93683042249009	6.07873392439991	6.49049529039068	5.47247022250241	8.30651733951455	6.02128208439577	6.71043219679492	6.24358235552942	7.47101186225557	6.6518314423952
ANXA5	6.51874941348301	6.97191754870762	6.07786489855384	6.39290852624237	6.74957105944479	7.28142784978146	6.03256108453221	6.79817284241453	6.89549324803786	7.33936878837786	6.49098692746182	7.23796782387723	6.86109485150672	7.28741675924692	6.56000667561483	6.85047103326907
HLA-DMA	5.69476227443795	6.92595104449018	5.78130731876095	5.74726803562056	7.06174699843508	7.59137416309035	6.96991073307704	6.84169491902872	6.40560390098285	7.02655448171203	6.40683858121532	6.89475461305443	6.05539907832909	7.43086168267122	6.52881108537652	6.46988074166298
RNF19A	6.34111956509299	6.25140354513228	7.38776060189479	6.35962155436821	6.58196148234955	6.54391655244298	6.96300780917323	6.65581927467966	6.63090251742491	6.63926476472439	7.50569258765339	6.8703975114984	6.65879231422266	6.33724783733239	6.71953743045025	6.46155094236538
HLA-DQA1	4.19702684355024	4.56023891812282	4.96562619508386	2.3445552569877	7.88728325360305	7.46812456913819	7.82985146011466	6.06927205057287	6.70215453663576	6.41724061737989	7.1878982409154	5.86169225726796	6.92877354236534	7.06420853562118	6.72248520606403	4.95919745568953
EOMES	6.13227884549084	6.37462092448873	2.90234145756665	4.17475733464438	7.42568912127772	7.80515618483265	6.91540946506277	7.69172200511428	6.0435490694911	6.54367564186622	5.51331030269171	6.83595102226935	6.23068498647661	6.93091076488561	5.54346374731714	6.36077043593976
IGFLR1	6.08096049432053	6.45594107605014	6.68213033794337	6.50059305257965	6.35880744626857	6.47041150592176	7.01954749419599	6.85092781518786	6.14833742425287	6.41420468697808	6.87728301394192	6.65181722942905	6.19653301120396	7.05971034509232	6.3007486376251	7.15222937637012
PTMS	5.91783824687131	6.25432404836529	7.26203145662777	7.0856493874282	6.11026667879921	6.04865121674666	6.88797430624495	6.7847458959514	6.00667673865472	6.0168516411715	6.81845140717442	6.80213432522419	5.82001940011106	6.70010181187878	6.70443647377997	6.85158015060347
CSF1	6.18229814084613	6.30402875243115	7.13569091489161	7.00794487553887	7.0601454777435	6.17236710742337	7.2262366316729	7.11192388106021	6.21263001216277	5.56610338670327	6.51004008136773	5.7232187732141	6.17122117788068	6.30454387693573	5.6367586933406	5.98770593609385
PRDM1	6.04825222130631	6.12414111568356	6.77501721781165	6.59332958752778	6.46821839776041	6.46539772917596	6.73807379093792	6.65672209191575	6.60109952740381	6.59206985494279	7.25907526508708	6.72777095701191	6.19036543069863	6.38477459446937	6.10723763797135	6.23254737631088
HLA-DRB5	5.81987910345109	6.67954520055837	5.69668703867681	3.59603517954585	6.6588382847241	6.7262710184241	6.62629704049907	5.24262553942844	7.40388000588097	7.3714754760363	7.48383061641762	6.69723465997878	6.00492982503968	6.95436353071706	6.03276435586915	5.00178068938131
TNFRSF9	3.67110778140809	3.65600579568956	7.66162297840824	5.66419284159424	5.05128092969181	5.50655761594218	8.23323978497264	5.78927493206544	4.59865304300451	4.07998004034121	8.22113901702918	5.6408602613582	3.9860094609597	5.35334891123196	7.11376316661979	5.85629510990323
ITM2A	6.41639417501195	6.31572596928302	6.52729853506568	6.08708041229019	6.06347195541122	5.80582944718024	6.44397380492764	5.96719872354135	5.62400115511946	5.97566957687353	5.97234993895792	5.79152416787812	6.70943721432692	6.90004214590179	7.11967034791773	6.91289940362115
CCL3	5.22102901355159	5.60521244299905	7.8487851900461	5.8318998888294	6.4324558049755	5.31546410726836	7.01354685194445	6.21368446645206	6.63370904924103	4.91065068295498	6.7544577779944	5.88132805587882	5.47523453855071	6.33016859702518	6.26443516833266	5.85463654643821
DUSP5	5.17142298484857	4.79227940657636	7.64927210423993	5.86408610956366	6.39419599209668	5.20349314036699	7.6004424920993	5.05905461876427	6.2168471971542	4.71306417601068	7.69954449809944	4.66150327144691	5.84500005678654	5.73142576924888	5.98223238322399	4.34829817721456
TTN	6.94661889476659	6.51151705101361	5.33568272755253	7.41899800797278	4.82762856602647	4.84532049769133	4.26951279862813	6.09569924384188	4.21599600122465	4.50866412799867	3.87758092353537	5.63343544008333	7.04217962391461	6.26991349303874	6.22756132823995	7.47239940024849
HNRNPLL	5.52521436631575	5.58910933152381	6.08943842573763	5.91288441257953	6.02663477240786	6.04282882778241	6.48277893632672	6.31132453964667	5.79859228398271	5.86630593968779	6.21504141425796	6.30863011209433	5.75142390038396	5.71378355965659	6.4214271820728	6.00774341985413
DUSP2	4.38123693907936	5.74050064494019	5.96454002560217	6.22873007378971	5.18293713059116	6.12482475754888	6.54110698379748	6.24163216647655	4.53252303446645	5.42843959400474	6.31386680083089	6.18485302139882	4.39862855275674	6.42694858134388	5.64356092441601	6.42252734275823
NAMPT	4.79439845728216	4.02319354621745	7.96090317695529	4.6704927078429	5.03425181623485	4.38487092060693	6.40103470251285	4.95231290854605	5.04058812899029	4.70314821498695	7.57151933044546	5.21626441815317	5.1013387180022	3.97049359537982	6.0499338678661	4.80971192098292
NDFIP2	5.41901008075431	3.82005169171313	7.08336254691005	5.02724095125885	5.55111699001373	4.02116614726352	6.90512230075847	5.10211056066768	5.45895420684274	3.60149823668585	6.66297733871345	4.21213587638165	5.77887531567697	4.521470739485	6.76807051390306	5.06625680541376
ICOS	5.7670503564105	5.47773449935498	5.82874785783615	5.76066044553811	5.40547392210501	5.29224503095633	5.62773588503413	5.56720056659169	5.85499799570701	5.9369083543261	6.03319799226901	6.27350165251819	5.68751066441665	5.22504618211998	5.92149474139879	6.06957838639475
CTLA4	3.94920487807569	5.04479693770563	6.33014030911095	5.35739613806874	3.64805403797973	5.01779385765123	6.28700226223512	6.23882144214926	4.7627579393239	5.27719573502492	6.96175729040814	6.36998172434834	3.54027141318019	5.01526165509347	6.0643689964293	5.67332940709349
SNAP47	4.91205502813175	5.19826881026043	5.9276641007319	5.50516280294168	5.69634135515668	5.66189581960447	5.98474158110155	5.61319476123667	5.61053047410578	5.44383350941401	5.52138127129999	5.11446027175457	5.27995688064678	6.13188656710816	5.37248533732622	5.60723155462871
ACP5	4.79682388936541	5.36426424729024	5.26775466001756	5.4085985871728	4.93987077931605	5.41936715630368	5.20471137428377	6.20630383962194	4.86661210928157	5.4865782031228	5.07903971251853	5.86027942045091	5.3522848980752	6.12501363726079	5.12763846344843	6.07433655895373
RGS1	3.20003508972188	4.47767791515529	5.75247737968355	4.94903439869104	4.70386171509828	5.58877761596603	6.17397791587372	5.9397690916138	3.61918128373073	4.64217709603001	7.33252249301828	5.81213163794942	3.36264519337211	4.6298280712293	4.89280719636076	5.21844726688011
HMOX1	2.38433621011515	4.77204363756107	2.51894171133591	4.89091146679339	3.30822572644679	5.26941345081828	4.98789266999592	6.35165352087911	3.37605716539309	4.95906986577017	4.25204690226148	6.24671752076969	2.50220319914516	5.69823999551238	4.49294727165581	6.76004125249329
FASLG	4.1951893426784	4.53003036797009	4.3546637599326	4.98023035174042	5.28724162547379	4.78220486970339	5.68981664802326	5.36992734337691	5.01821030003905	4.37229054578067	5.14553158395818	5.21626441815317	4.62796245359377	5.16516663957795	5.37043663830258	5.40602826943424
BATF	4.93865659604067	4.63832986265709	5.16135314048658	3.74408595032009	5.09260290276161	4.86981338146082	5.84605350308624	5.02776003017042	4.8019607987066	4.42667545948646	5.35371975655949	4.67603095254802	4.61809938589434	5.33782846126248	5.15962676720315	4.83572672104045
CCL4L2	4.23865603383045	5.43375505091196	3.73455347719234	4.57616439252836	5.34625505707801	5.85726330093132	4.06465455979191	6.64524444883664	4.39372476268694	4.15672028574931	2.12549528940431	4.52371860350607	4.10982086797451	5.69476300929252	2.19147416530159	4.79825315811865
TRAT1	4.8291742819802	4.76659914997561	3.81752311357347	3.67195887147959	5.62447246463924	5.61436990438773	4.67746741922952	4.88096621742515	5.2015097686488	5.23062026038334	4.82309998120609	4.68882276825564	5.17334486998766	4.88402265116275	4.61333168793676	3.65573245781267
CARD16	4.45065314164595	5.21535502620125	3.42754760351898	4.50460145123067	4.96918037584822	5.22580293018659	4.54814316556015	4.92159454612836	4.77552078783819	5.13796766597561	4.20382580414085	4.95417228208284	4.8632536106673	5.1398194179842	4.5471577891709	4.62876507479797
IFNG	3.95573154395263	2.74709834278395	6.27318677547397	1.7755552220735	4.8454037303277	3.20195909104942	6.0395773677489	3.08202673618486	5.20717334927171	3.61062059851033	6.04755164164262	3.70192375908952	4.53517234043623	3.72216913209544	5.10399524293028	3.08346206185657
AKAP5	3.4485566611675	3.37753675948951	4.13964052264008	4.81368476168397	3.59152394424231	2.81735466398187	4.62478933153434	4.83703807407482	4.95566038137566	3.7492398729372	5.35673004520587	5.75701667185305	4.51101136946422	4.57414551816693	5.09078291718883	5.99022589397633
NAB1	4.26692291048661	3.87926786791907	5.77341160340752	4.38186021806388	3.94563007363623	3.79685810154891	4.82587406863324	4.26606683811378	4.08678211476124	4.06457235133295	5.21684536841732	4.50756418617983	3.84574484913095	3.78455964706701	4.82261302921434	3.93642049732128
TOX	4.44602486209972	4.91792950303879	4.04279038233302	5.19789502159746	3.72688376616295	3.83052336937618	3.64671490446585	4.61596850693819	3.87777471770988	4.26852804086547	2.98592782352415	4.06044465492206	4.2404687858948	4.63709264080349	4.3615953708325	5.21414209599683
CMC1	3.22546473544867	3.06799538194543	3.54118401398616	2.99957878582739	5.05530602487494	5.57580918829686	4.31214516274465	5.66077095859549	3.68018128197153	4.36152343793296	4.10941779907407	4.14177614514345	3.62994258413412	3.27144603289087	3.90616446670339	3.83689060776698
LAYN	1.90698886099718	2.5520280006444	6.63361611267868	5.47933349471087	0.73169210973828	1.06049302167654	3.62121846668929	2.49791928928098	2.3017512080637	1.23872508395826	4.07571207613728	2.54638949682897	2.26276658359871	2.61234982079029	5.12763846344843	4.38858920678825
DTHD1	1.5057750968637	3.38821204928492	2.30557748244557	2.54630573842766	3.91228675633013	4.64466874851283	5.06556381235019	4.98909668535605	2.9091400564946	3.93500220685816	5.13738577025905	4.74042192622786	2.15774848870182	4.60039837051078	4.18479570954136	3.61972999018103
SEMA4A	1.93368314672962	2.47400160265755	4.36257975205684	2.85939664234716	4.33545611896515	4.5855136720289	5.22639547264079	4.21140528448453	3.05026383941852	3.483973102183	4.13769461345284	3.49535988587818	3.21715735955328	4.12660051250599	4.67660295766769	4.18191230746275
PDCD1	3.32628661055288	4.10959076762399	4.93144180664479	4.67910445135706	2.74817877949599	3.31032117782755	3.1135860133694	4.77408882887936	3.26821180041875	3.72143871258304	3.98783274014839	4.54849358101895	2.30553500704817	4.27833476591495	2.63090279096862	4.68210840999745
BPGM	3.31279202703191	3.65010437448003	4.9072920799443	3.3501471439243	3.87633554778369	3.96921810909997	4.5208266265034	3.66162970470528	3.77475027722892	3.6075862158328	4.26064380510755	3.66679409713123	3.76887034565438	3.86100467513694	4.23219658930109	3.49468164326401
RGS2	2.24917886227326	3.22312361221155	4.80256122411627	4.81256699022782	2.83689860909651	3.08827512373581	4.23478166688714	4.10253224052379	3.19789359051917	3.43688241624411	4.82019502433588	4.89882089083965	2.48369982661746	3.131002378545	3.23385342502991	3.98776454598603
TSC22D1	4.51246181179261	3.59894303737711	2.63241714033873	3.96540966661125	3.88178567453203	3.43592740711713	2.87556226476504	3.51533917169766	4.28545816782897	3.84510883634926	3.26762256922763	3.70192375908952	4.50643579286539	3.63535547562727	3.52166418763218	3.52836223140196
TRPS1	3.49709190412451	3.68803904161534	3.80789235843953	3.01520991121742	3.49287915571451	3.47370373701032	3.39646311844622	3.15540397150182	3.8320774647333	4.41457295942615	4.42836126515493	4.19878299992669	3.61868051481412	3.79325633775605	3.61460403102796	3.51722250671981
TNFSF4	2.80638836397835	2.20283606472575	3.86844658971423	2.23534854893391	3.20475769864811	3.0601718516887	5.03780117193229	2.52980602591468	3.43516620342353	2.63451790106423	3.80008516180366	2.79734651694221	3.71171729089077	3.57863288364155	5.01149410558717	3.96539795397168
CD200R1	3.87768560543089	4.03682687020795	1.25831202934299	1.76634780057677	4.56847218551453	4.31523884654455	3.28869468620919	4.514705626696	3.80743200060713	3.65538673064696	2.92773921663108	3.48072303697174	4.1118304416518	3.5222065523661	2.84275822329963	2.99388263797606
GFOD1	2.98716457579364	2.96717298196469	3.51774436140338	4.0905735846449	3.64805403797973	2.70386882001474	3.64211257814547	3.88145773994759	3.35240001180259	2.3738064573872	3.52119707610619	3.57675629596628	3.32156058511477	3.79542234373293	3.86795031260837	3.94059593925744
TNIP3	1.60875415970541	2.00434175591778	4.45309593834587	1.70983403184029	2.48245763456553	2.46755670518731	4.47238991151156	2.36870875746956	2.96814608759188	2.50352858079783	4.48264903151426	2.31844243172906	2.82485290205071	3.08923895252395	4.5178412105469	2.28750064323658
VCAM1	1.15884306206167	2.02272824048159	4.53826676860818	1.63086463788014	3.27547465772389	3.58143731819417	4.84402214855242	4.0739799529579	0.518783567601722	0.73720144251765	3.49228906831094	0.82543094413673	0.970318413198706	1.95834110131714	3.59133808307153	2.46030856915836
CCDC141	3.22185925691253	2.96717298196469	4.13194208160892	4.13953305698824	2.07001107386843	1.84107162699527	2.47086799277193	3.13481708424241	1.05939920878038	1.32992153117927	2.19890052026517	2.4817054777433	3.67140925326148	2.97921366104401	4.03419131129012	4.24404465474414
PMCH	-0.0758728723265522	-0.892788848920576	5.57648387379836	2.98377644559467	1.24162259501548	0.407985399623439	5.10372265320103	2.37457392265077	0.843653748290032	-0.33220211382335	3.44026291088743	1.27894932289622	0.539906633739798	-0.6514842632587	3.28984715317973	0.932801304262017
HLA-DQA2	2.17653485132765	2.20283606472575	2.74570783765763	0.341870385618744	2.05078566726709	1.70249152373044	1.7180436064131	-0.0957418627705199	3.16722890994991	2.58600907824245	3.41352892860891	1.68861661541548	3.93243881739997	4.6634207426553	3.99926183895776	2.19265871485643
CCL3L3	0.999513537361442	2.52648523094217	1.60823769902955	1.78470425335674	3.17547091684394	3.74483978102665	1.94425178916352	4.11309532721009	1.83007554195926	1.22294905217976	0.848942215400546	1.78707584467019	1.2142921230672	2.59753065201873	-0.2775238679938	2.26769567284465
MAP1LC3A	1.34271260668616	1.94773308867641	-0.360840334426571	1.16834324489271	1.7664688329543	2.40189293600711	0.328182377878054	2.26516993784438	1.37331031376761	2.00089070344406	0.778854645827196	1.72633062261565	1.53498931646479	2.70743517167668	0.47847617309375	1.78237182206245
FABP5	0.0595640965312122	-0.283497827990571	3.06318453194644	-0.703748723223296	0.387976505557609	0.267573009469394	2.75712237989742	0.0579559606186405	0.281717363996659	-0.531860061002969	2.6746724487519	0.45800178024522	-0.040155253095414	0.782240438152531	2.66250229914522	1.28775456098228
CADM1	-1.76078531022426	0.17677053545109	-1.12100365746139	-1.69411759010073	0.73169210973828	1.72055968103463	1.61847181305413	2.03272078329711	-1.17231062506048	0.469492382054596	0.266994461367356	0.77833158887878	-0.498545966536865	0.103075782216927	0.211793376082615	0.0306631221389287
ETV1	-1.2799277162021	-2.2927341938674	-1.60626815102162	-1.11556869556567	-0.0364434037769556	-0.296685548095219	1.58048951467868	-0.267788080040457	0.0659599237392756	-0.379586377500426	1.137350997256	-0.036212854791905	-1.864467878193	-1.22323161171872	-0.624493361956524	-0.363234422587311
