	HD276_Trest	HD276_Ttumor	HD276_Teff	HD276_Tex	HD280_Trest	HD280_Ttumor	HD280_Teff	HD280_Tex	HD286_Trest	HD286_Ttumor	HD286_Teff	HD286_Tex	HD287_Trest	HD287_Ttumor	HD287_Teff	HD287_Tex
AHNAK	10.67039978363	11.6849342961187	9.15136334510534	10.9175081101643	11.7824846847944	12.0275960094098	10.1758166872483	11.5740160177294	11.6129679669298	12.1870354442301	10.3622262470748	11.9337272068805	11.1123918168522	11.5788251328075	9.63578066744055	10.9520824254182
EEF1A1	11.0361163137721	10.9221878391059	11.8462615463267	10.5367732195309	10.8573474713486	10.9285133789017	11.5059466491275	11.0857647750075	10.8906636639137	10.8368813639252	11.6286739830301	11.1603554093393	10.87713042807	10.8386241701007	11.5987399185768	11.2440325288975
TPT1	11.1651546359685	10.7200725998991	10.6467326633503	10.5244949238881	10.9447546900525	10.9527797248114	10.412309457092	11.1658698395306	11.1394445895049	11.0877828784878	10.5964093858611	11.0658955006761	11.194893696478	10.7054310539399	10.5326993143314	10.8554625998839
RPS3	9.84713668546485	9.88061832294613	10.695108946076	9.58863079411454	9.57716187989985	9.8868642398604	10.4116547180825	9.9702836949535	9.59698196548127	9.70144000727086	10.5240558707884	10.0289653770343	9.63606890406499	10.0099833408743	10.5041359262907	10.1639042269255
PABPC1	9.91826999320302	9.75874105677527	10.4392060979468	9.70177613910932	9.44610938609585	9.78046986523499	10.2012151924038	9.75275723924479	9.72935580884896	10.0902467000759	10.4111293311517	10.1100355548655	9.65022440555613	9.51723495250429	10.2784438905657	9.80190833440466
MCL1	9.66060447094094	9.51808685591155	9.12343997013559	9.61006014627176	9.48419157116946	9.42792118978809	9.12809144244025	9.64708775563749	9.68582035860223	9.86574085592535	9.4614112145826	9.61789505966507	9.83194804835851	9.48098094343645	9.03843599686289	9.49057415865589
VIM	9.29540596978928	9.20916072894705	9.60871417389224	8.82302389805341	9.66413961755375	9.50205772618728	9.6442948402247	8.80576036902437	9.77360531343044	9.51821741552178	9.90312924400382	9.4756089970125	9.23525043879932	9.52133019769193	9.28335441143845	9.18283786575034
RPS18	9.16524145608897	9.02084484509615	10.0241978852085	9.13524479004452	8.72685710595958	8.95225851390545	9.62565625209783	9.01706889146113	8.54814241701888	8.56828555728513	9.72433622835717	9.05649551591808	8.883232236588	8.8919874348551	9.76112467096848	9.33521522247712
RPS14	9.04713978099912	9.07814572723741	9.62529348957802	9.1191735890594	8.82412978523888	9.0188521392633	9.3284752361033	9.17380702547618	8.8857275088733	8.97834086900464	9.46600675855354	9.24915729591132	8.86681545428635	9.07239920133824	9.38168850843895	9.22976325104772
RPL30	9.20081866319666	9.09011443439712	9.37034157144225	9.1384822633948	8.96060018993367	9.00227334123786	9.02061019536411	9.16044863148427	8.94165042309818	8.95465556325283	9.16319394258289	9.10561775501743	9.10776163949983	9.08108125604561	9.10129391120211	9.0890895662814
RPLP1	8.79995587656405	8.71506405159183	9.27250646471322	8.80571346241432	8.40646797937059	8.8331464779663	9.45239413104932	8.94376033540989	8.50597326076735	8.53593047438546	9.50852659085036	8.94236883021382	8.27583157589438	8.9280331629339	9.14464402951929	9.44317060382116
RPL13	8.77787334727832	8.69478282191927	9.19879264724419	8.41971495409047	8.41886138157517	8.7165914055342	9.05985260671375	8.77248225626378	8.46144868419529	8.46403875456062	9.00150462121185	8.59393559039368	8.46034023747427	8.88132077385722	8.93300928221536	8.99398057633385
RPLP2	8.76182406699835	8.70442526881686	9.07973950765393	8.64937506585742	8.44202727784702	8.65656228101813	8.97141196596697	8.75670920223761	8.19727632658089	8.23017073236421	8.83322419613585	8.42909228589951	8.37087622407954	8.85566682821413	8.78583797777737	8.93888803580262
PTMA	8.57971097587323	8.05103518144553	9.65023171548023	8.10161715318549	8.29693030546072	8.0464044824301	9.08799146484005	7.936126000192	8.3816810663109	7.87786726432629	9.23331965223497	8.02714871112715	8.43076212849312	8.06918935621918	9.36158828203755	8.27861790883291
CD44	8.64595004678886	9.0976548711854	7.50712998818491	8.31822598268998	8.35653561563387	8.78318218394321	6.95189396758285	8.31776669184702	8.66926280241032	9.28971857959828	7.87985485561717	9.19400417656133	8.7956242167267	8.91905924955686	7.81249815082698	9.07146740843276
RPS12	8.43773422388776	8.24066917423153	8.85502344288313	8.09577102518527	8.52687169947839	8.55622351368957	8.92225710680875	8.62066793005102	8.32800118197455	8.18533706722172	8.84103773037632	8.37916063149026	8.32624744858318	8.48289576850415	8.79808368337858	8.58737362851565
SRGN	7.64280539157931	7.97635624059081	8.61070640340109	8.46887782889754	8.0973555008529	8.02623085153888	9.13086586254762	8.46839471535428	8.21530451415672	7.96535835239593	9.22448921385571	8.5047401480273	7.99008931545177	8.16013927787129	9.06712732184932	8.42223659501677
EIF1	8.00433997601395	8.13199641035441	8.83696599689186	8.07704225343346	8.32404115972115	8.2744027104531	8.35810956721787	8.36216808368907	8.1724004078442	8.24599038681176	8.59674876868787	8.14177494826692	8.00015966036801	8.10870089866828	8.25453598827626	8.21033520346334
BTG1	7.92576632208921	8.37173300800667	7.23946113738973	8.81460402559861	7.8417513211782	8.60468319332795	6.76768941464489	8.7661518833641	7.94697679616454	8.68497821058966	7.32306260751973	8.69021419835628	8.26650346693488	8.36370083678287	6.98667465354237	8.48343868819075
PDCD4	8.59049825901751	8.30381777533202	7.00945132274256	8.5026246951448	7.98642277364757	8.03483067544597	7.14987678596387	8.0565096922073	8.51103807190295	8.55564697187931	7.54207005265851	8.50823998235767	8.71793599032806	8.11380872681261	7.71925545561921	8.43357593671976
RPS29	7.95795495740988	8.16379751244146	8.47687137840584	8.10880628652603	7.79304913590646	8.00600133208822	8.24552302390249	8.03062533837192	7.66467292819132	7.78102703542901	8.14758219811239	7.99258392364166	7.63568631557531	8.21061840027084	8.21302915705267	8.24567166158656
EZR	7.73958988925259	7.98619807851055	8.08739778835583	7.78884577918367	7.90222122670766	8.15502384824517	8.17289880552718	7.98498818451577	8.00502745330629	8.30525016524927	8.18940955528871	8.10556313963773	7.96446255603422	8.15012422828841	8.17499551032938	7.90329939019369
IL7R	8.94313880322975	8.23439680825845	2.43634256857945	8.24481695425804	8.25116671618586	8.0806883167376	4.36057461718562	8.33807606255615	8.54441870485703	8.45203548568185	4.99909603457782	8.73301022940032	8.89575144458934	7.63891252682471	4.7061449455993	8.32397365556396
PARP8	7.97732996304151	8.28597064948649	5.41013541873844	7.67920844888255	8.26139484031917	8.43416615517734	6.40205585252797	8.42868893705934	8.28032862511119	8.6680556500528	6.54477046876654	8.6032561332748	8.30455796844946	8.10149753819245	6.60281010390341	7.95478259390687
TSC22D3	6.4724674182392	7.82021904914224	7.72759740142247	8.90048881464093	6.84194083100152	7.97387984963404	7.8928323832466	8.21874379600397	6.76781872896229	8.01944421948385	8.78347673696955	8.60526064346167	6.66667420711501	7.71067567147865	7.77878166029336	8.36406604057657
TNFAIP3	7.04885268694239	7.74521478772737	9.04536872565196	8.06395033303937	7.35528134324682	7.77332295957209	7.69720830315126	8.05056866005707	7.42610745905733	7.89367915266872	8.78207785161116	8.22481631584493	7.39556393579283	7.74006999902074	6.95352905450352	7.75929701816679
ANXA1	7.29711593405947	8.08861061100303	6.54073397567353	7.6014119463733	8.1107618947074	8.32703838037915	7.61107889680676	7.84096998303982	7.87867603965927	8.23004741929311	7.51470486376226	8.37211449825195	7.83298514511455	8.19675559820092	7.60773147179527	7.94689089222706
SLC2A3	6.79472622715511	7.11989553538092	9.71517242359174	7.08263879686695	7.25787358537687	7.27914380802482	7.78645671041665	7.39945510662599	7.25690049488895	7.45445991713928	9.25203308681999	7.18223555288278	7.10279610539706	7.20793397122939	7.25111634189829	6.85849288223594
GLIPR1	7.02810017226015	8.27522731972802	4.92343673050894	7.49482266820691	7.56489294744248	8.48319352017386	6.27664690892787	8.77470173661151	7.5149814337633	8.6902764814752	6.47028968143483	8.7427232683665	7.46638121197359	7.7842274284865	6.39681120100307	7.93947745872222
ZFP36L2	7.49193734388425	7.8078479714074	6.96486357228586	8.27951284613343	7.40895727838978	8.13884434675248	6.11458500428813	8.06956227333732	7.60871628618052	8.30431342244546	7.23773469061335	8.25402505673378	7.62024015105077	7.74652153058001	6.28306922367604	7.90089066897332
BTG2	7.84545064595925	7.81660118144775	6.85692310587831	7.58383017328134	8.16550466089388	7.4734619000028	7.05698272037832	7.39873578014807	8.24875506359542	7.67468084258262	7.06659354301254	7.4244710402709	8.07120487062716	8.03797165269795	6.9487311870648	7.70725108362088
KLF6	7.91589827133749	7.75641665235074	6.58651489005104	6.47149761986107	8.21761751404038	7.86717010299655	6.39215432777354	7.31600353895778	8.25446446663287	8.31120764492979	6.46750747747027	7.60148850616273	8.09336728585032	7.7610021211469	6.25743106854198	7.17832086875104
SRSF2	7.66670561929752	7.47402367974975	7.66108817681957	7.23182968320986	7.60072471695762	7.37547959427031	7.68802794017976	7.29450898316642	7.70125285768144	7.45509309937905	7.39291114595078	7.52240820751364	7.60355609763001	7.31466676873221	7.80341512715411	7.49706133615974
EML4	7.70045387450957	7.35753579564692	6.54595745009625	6.49014421927436	8.08116085277102	7.76000822617755	6.94677136906793	7.56601062305692	8.1953779487165	8.09085282016179	7.27587030689256	7.74734207180701	7.93978710678924	7.30177288555084	6.94391731044703	6.8831080007493
CXCR4	8.21305150882454	7.16404757232296	7.96632460415118	5.45661552923756	7.87890443847963	7.4882033551061	7.10647609886506	7.28869671670986	7.68307882660233	7.09315287809434	7.32203619187848	7.41536016123067	7.96140110680011	7.54564794181317	6.85195708652533	7.41503727884564
STAT4	7.7926558088312	7.48587564845875	6.75786281277844	6.83295074593102	7.87742744601795	7.69052422711636	7.22969175712515	7.3226554382351	7.74603511545158	7.59035142041458	7.20525918362407	7.48209967644413	7.85699560569863	7.39274317299956	7.25297091999983	7.04092869653605
FTH1	7.07331795793769	7.47506723076666	7.83284691659893	7.50938288242251	7.02568598257789	7.18061052423943	7.71429985426449	7.2608630526665	7.16967077505764	7.36497628295192	8.03870763417198	7.28479733068135	6.97670046541319	7.41281037071605	7.77568881719578	7.37548827663823
CAMK4	7.75198622113297	7.55244444895815	6.03310143012244	7.33877193181629	7.31991707739863	7.64852583431203	6.61283553307062	7.60348336839381	7.51897156138436	8.07830394855793	7.00908145056536	7.93351737693154	7.90558862418476	7.32688500648657	6.83025868599506	7.61490771115918
RPS27	7.39901054053207	7.51782338351607	7.05045793536099	7.75229508702834	7.33704643387355	7.39758230986249	6.68144650817204	7.63848482559441	7.15850846933548	7.19950721006208	6.81808743626168	7.34159080366407	7.25079219521942	7.48470581530899	6.88796831786531	7.23445349792605
RPL39	7.05139414710447	6.5167965485738	7.6007367426634	7.11110253810716	6.97346643433744	7.14530625788495	7.30786638273593	7.29450898316642	7.06153517043589	7.10342131077269	7.54229042029263	7.44370166478558	6.90463424221364	6.59553165331309	7.38059920468052	7.12244470857641
PIK3R1	7.25804341254331	6.91614911567611	6.38590189833835	7.1387925918283	7.11304472157729	7.11489123801852	6.88237532686731	7.37113215941919	7.10161693704382	7.16972811184899	7.33557729069157	7.53064740793861	7.25557166333792	6.63839414335726	6.82003666914305	7.21303872523744
RORA	7.47234605978344	7.1294711000157	6.28642417856771	6.39216047104286	6.97452956492073	6.87509339507053	6.11250705625879	6.87129385371259	7.56729667268063	7.9888700150557	7.08848861921162	7.60317876831606	7.79377994843821	6.65965439102488	6.10805756023597	6.61148082755861
LEPROTL1	7.43293169881457	7.10810509407336	6.46462807682745	7.17686069762554	6.7488256252568	6.8956153741484	6.13969787957699	7.30798056237569	7.03921781019104	7.37727755104325	6.37155669211836	7.35895236639062	7.44262743172621	6.83913997421991	6.43063289272613	7.19283361277718
TUBB4B	6.90112908885676	6.91737800494088	6.985515320072	5.48636011537153	6.8486822714279	7.0792336915145	7.25534476274772	5.75988747992115	6.93186277197918	6.28198604104751	6.87448523856532	6.73472694476856	6.38737732503965	7.00624611582621	7.48006586312072	7.00648955534824
GABARAPL1	6.57847094952997	7.42604922300529	5.30998613333811	7.33624623476703	7.03956870572802	7.15239496872653	5.72886366845622	7.36948105382447	6.51505635481476	6.87170701188835	5.82653141214018	6.9469352877488	6.6435928601353	6.89878348301203	5.54467553502549	6.76299152676124
S100A10	5.94269253691702	6.67446647377588	6.64285459752985	6.62869004263985	6.31549815132878	7.02051044464714	6.3100335682944	6.69940605951886	6.20792974747446	6.97539022807004	6.72835372529324	7.16202289925067	6.21954590231458	6.76426277978055	6.58584081884957	6.90464100669813
MYADM	6.49989347891496	6.95496347895147	6.48289989393522	6.90236600222208	6.57581000243698	6.82142771309586	5.95814265535298	6.67822192739351	6.41256575247826	6.8371494023866	6.00661270496688	6.66926890473049	6.51775922663952	6.74506018956207	6.20052382381557	6.82923415926927
TIPARP	6.45145399386123	6.31944913690774	6.59913327755652	6.30502936561739	6.43338395591446	6.45599180236664	6.29508678626638	6.38617575357966	6.66456894650671	6.83130845738612	7.15340258112026	6.45246409330154	6.7720895136182	6.12070136952168	6.28306922367604	6.18230192621185
JUND	6.27567884214788	5.90564004628044	7.46071426343937	6.01310875161283	6.35717806524362	6.02431046100411	6.8614928361391	6.03032717529946	6.25243237662362	6.0151351341701	6.85048250485609	5.76609850336121	6.40837635832887	6.17744165090181	6.27433022957147	5.98366482567431
PTGER4	6.19246568847151	6.40691383534709	4.81319059046338	5.36045887907087	6.93902588068246	6.50860730215206	5.28070255467518	6.52019529818828	6.47258012566408	6.36967420001444	5.04709495232863	6.15577885891352	6.45542609693002	6.76536817416447	4.94329866042994	5.8950013229729
PFKFB3	5.77629788036519	5.71175002175507	7.3985486536549	5.99055230537237	5.48878978308328	5.48953598875997	5.97699601899817	6.03032717529946	5.79106972095529	5.73898226026064	7.0280884606059	6.00283278057639	5.79397291278094	5.73425119070547	6.04437615818773	6.04118117013263
ZFP36	5.70964128726457	6.58874992123383	5.49840279814909	6.23124188405422	6.10250737032876	6.73407436499891	5.04827486947809	6.63825283270737	5.7424937114043	6.60999674076176	5.36970253108508	6.40722389829461	5.69891855162893	6.51238498601551	4.63055327515448	6.07670977327013
PDE4B	6.09974430734139	6.29318290214653	5.68410763318188	5.09867661010317	6.37918151488689	6.18502886871484	5.43300599449924	6.16120912762877	6.36395750285876	6.48948657156617	5.82072948140801	6.17067418218994	6.3037048141166	6.17619546387894	5.42738541337411	5.83906397503473
YPEL5	5.88572871152322	5.87939637142769	4.87352742451592	6.10225380202237	5.7494782825716	6.02431046100411	5.32588286513408	6.3653408102874	5.87766739724846	6.3638414038922	5.51241073487765	6.42930688222079	6.22559024657255	5.81440437510501	5.31683238006882	6.11323519009116
CD55	6.11148298503645	5.42081546966795	6.8202685398115	5.40785862546019	5.65237610979327	5.55519174001565	5.77426134445651	5.52958226573408	5.66641813954031	5.67519693203703	5.9892597788121	5.28316437593649	6.21534647223276	5.23864105339391	5.83697616738143	5.40451762449341
SMIM3	5.40238296483332	5.15308244696736	6.20548098134165	6.28582616024064	5.48461691353253	4.85965849867882	6.11665996370348	5.26332136605485	5.87589060151291	5.26761572991348	6.24729990035678	5.7154257407618	5.45162727629442	5.37668264375769	6.15760771368486	6.12704081905464
FOSL2	4.90645075440775	5.58137754688445	6.8534163140955	5.2199837337271	5.53621787613793	5.81794328299425	5.4462665048791	5.79092060624031	5.43421567255243	5.66428637983604	6.42224665929252	5.79448617542236	5.25380586424428	5.69011395396788	4.88325985796127	5.10676506102373
JUNB	4.58442155251936	4.53963842000794	6.7108364051174	4.75786925775404	4.70078150370168	4.93316490678947	6.26059789732619	4.78624044915651	4.52195814672208	4.86309666819469	6.89326577413046	4.34938418198806	4.38705931132801	5.12869579197882	5.29683531755206	5.09838019362617
CREM	5.09760143780477	4.47934301418167	6.55606038389581	4.37884262248348	5.39725206943511	4.08357642574088	6.15714133549251	3.95180026338437	5.88298469245805	4.61976177333642	6.2386228726875	4.45798639947557	5.65755854163063	4.71238716615678	5.8240598440628	4.38552953270573
PER1	4.97123328628185	5.14156120384973	6.35944471225485	4.84682143653721	4.76313990562859	4.7939846876458	6.02108634234934	4.75959460673243	4.71717728187825	4.81655197358465	6.81954276928944	4.60694736152708	4.83068060385927	5.31385245199861	5.48090584098027	5.07007336342362
ELL2	3.64172614491195	3.92641635988165	6.44984215472285	5.54743383805375	4.27736911802342	4.70716807690325	5.92584679745444	4.86855120836305	3.95834251230937	4.48571035871336	6.20727979821533	5.20851254240528	4.16505710231682	4.00833384551913	5.64695005057586	5.13345617157135
CD69	5.37423804252562	4.90435901627993	5.30177540029891	5.15708642526055	5.52755171910457	4.96098005092733	4.51328601161045	4.97661801820962	5.6725721342184	5.20775850634441	4.94678390556055	4.90842273278219	5.6854881103926	4.80989149874858	4.48539455008716	4.52553152569656
CCNH	4.7822097533347	4.87049821289247	5.50973445113684	4.85444502986181	5.00208293842329	4.99292231557048	5.25002871580695	4.84550911000446	4.95116737857154	5.12847239560482	5.35773208055146	5.11446027175457	4.98555898066951	4.70318746536565	5.39214086779669	4.80857013159325
GPR183	3.76328487751743	4.46596809933818	3.65942948791756	3.46842129832303	4.42403798828702	5.55707827636085	4.01568223110971	5.93877975071487	5.01713598192425	6.06299571727412	3.94580427198626	6.56341666844369	4.81473107642055	4.86764638630054	4.23219658930109	5.58005434660408
KDM6B	4.98086455946706	4.97805389985738	4.78204872254069	5.41081619786349	4.82950998267183	4.77032807543966	4.63409000679571	5.04716905960129	4.71982104892019	4.92412876550317	4.80851634798065	4.79023914750374	4.96791666007794	5.464376821448	4.17543868761584	5.14797362639047
PBX4	5.39439742919465	4.89065966776852	4.93675395356226	3.77425493295546	5.47142304837904	4.35915112309361	4.55550423238806	4.27079194360289	5.57373780249702	4.71869998889837	5.02581891861796	4.02809404782501	5.4105865306753	5.11835114403407	4.18168344044461	4.2823837117104
GFPT2	1.71516452415413	4.61579743572211	-1.98049533912822	6.03675457027703	2.15048195566169	3.333987148095	-0.257442839218115	5.59321318388294	3.73086410769361	5.30368618434456	2.51137802457419	7.03253203264997	2.93791146196503	3.71989021747444	1.38304547518858	6.67738865715006
CSRNP1	3.92944583058686	4.22920843659495	6.0746557944355	5.21406996339918	3.66711722759317	3.79472770873276	4.84402214855242	4.28331708537117	3.81486994702189	3.92284697125088	5.50338407136395	4.13711677917459	3.95051762451309	4.11970229354624	4.24567139370664	4.62747064231404
TOB1	3.92944583058686	4.39364018109156	3.79234816340317	4.35139641554037	4.22544410985183	4.94089176777947	3.84195892687974	4.82851700505546	4.76659866307183	5.26472927944414	4.68302073432364	5.63178027765469	4.39037428664266	4.40430921560051	4.06660887418683	4.43520268415727
SC5D	4.64759693424442	4.17886027672822	4.86612188417976	4.09609630021846	4.39891700338158	3.78187886214839	4.82587406863324	4.04668904173126	4.88085644844349	4.63325271563571	5.13971784257652	4.75265772677267	4.7948556976748	3.51958852720547	5.02544929052043	4.04705858289045
CDKN1A	4.36334816085811	2.7526167812213	5.81342794096014	1.31447799127816	5.29611294623811	3.61804371531815	5.77268315784068	1.32985518351974	4.89262023153744	3.15868996977245	5.39627833013001	1.55526858402639	4.96791666007794	4.19053915944216	4.50046065944061	1.59376060778799
PLK3	4.60671074780896	4.66637484882521	4.03950221291833	4.49208870501125	4.75722166048729	4.3461172094737	3.69639455910148	4.26606683811378	4.80445380572359	4.64069352773842	3.52477018650716	4.01291476017986	4.77470267509654	5.00125536352154	3.50432990946718	4.0586304658674
RGCC	3.80725502113423	3.93129089356346	5.5770509693761	3.14875460647545	3.85432678572239	4.02843692373474	4.55182839376792	3.78786455594446	4.05153674193699	4.28950753278397	5.41949716499486	4.13478144100902	3.9860094609597	4.10231104759726	4.23520188544539	4.03343968496735
ZNF331	4.25285870053953	4.1224351294967	4.97770258686311	3.85247635277599	4.1521673328232	4.00467167473729	4.45149875152112	3.9751492185518	3.56727953590595	3.483973102183	4.98100176384492	3.21494030015882	3.48862293742186	3.28384139530801	3.4223222736771	3.24072774738991
FAM177A1	3.88454318697048	3.89432399231476	4.25470343881201	3.50762823208331	4.18339808249876	4.09574092037278	4.09359652018717	3.8290267224684	4.0990188949819	3.98963383265824	4.17682783239716	4.03060847417593	4.24962400568837	3.79108707493211	3.97789088193595	3.85691171542804
PERP	2.9440495004853	3.33770398836215	4.22316808140449	2.65007101321104	3.52341966300033	3.15622767639728	4.57615890920547	2.95860502474101	3.81734076527342	3.82173220059646	4.89802422523955	3.80245456339703	3.18315767772311	2.87246334002609	3.85041807060657	2.52846967450493
ATP1B1	4.64894005086818	2.40559259656331	3.46724545976712	0.239123612859251	4.41027560808692	2.08373443554676	2.62342005332453	1.57368938421843	4.49133932827811	2.95411928743344	2.56788821489836	1.40832822458302	4.81226157681068	2.8887853256687	2.4513051478911	1.33926704429115
NR4A2	1.91594194923498	1.96685051181486	4.41680789688892	2.0730682319551	2.678908264797	2.44055906009297	4.16751769638657	3.08560682882664	2.51159199602991	1.58569731324497	5.28900783203654	2.61501489118891	1.9666711230715	2.92880023597367	2.93436394002845	3.28409137286472
LSR	3.95138371570912	3.19502599583645	2.46603818138622	2.97181005407153	3.4223267668791	3.54387784886864	1.98843240617139	3.08560682882664	4.23460222539345	4.33791532282575	2.16266471752174	3.21051168946726	3.68497078290929	3.246331163187	1.61300209496456	2.40698754984536
SKIL	2.9086050075127	3.19096700369004	3.30144646559526	3.4339458900606	3.23346176681413	3.42219250048845	2.60461891721836	3.68305706800618	3.08758839237936	3.69880549460524	2.86146395524658	3.76065751479398	3.55215991896736	3.05348813474331	2.3384540461527	3.16423675194409
LMNA	1.01626200559924	0.805588839512502	5.67088639517082	-0.156618888739655	3.18725706781172	2.68098272045606	4.71957858552268	0.0868239762580907	0.518783567601722	0.442499828392311	4.3877337068576	-0.215285862668068	1.62779083132003	1.78605799357093	2.79467757320429	-0.58536108320718
NR4A3	1.24662540364684	-0.583766503933301	5.9241024461619	1.26303443380883	1.55532840694572	-0.667619467708302	3.96498894622594	-0.689208004378841	1.35981368519854	-1.28860924493969	4.75931683568462	-0.658120657706488	1.18404935920754	0.236599505394507	3.0412521741232	0.121736700854179
ARL4A	2.16155656219545	2.28129168933218	2.80500390102191	2.84197198879144	2.74817877949599	3.36015541452244	2.58076761666167	2.73977268436858	2.59459864723931	3.17518047434995	2.69384351132377	2.9591986594448	2.4712310734443	2.51055260385881	2.40401702422646	2.76816380980837
DUSP1	1.71516452415413	2.45381732862854	3.83469810075284	2.18094922572958	1.60010100844381	2.01219188642455	1.14589123544176	2.82790972894872	1.57366955954629	2.47050588297914	1.98729943602	2.25964038804945	1.74636633834534	2.45682723742634	1.22271098678889	2.43092939763552
TUBB2A	0.615803425724718	0.0390439272007321	0.779689121290915	-1.91331386881049	0.191317863936404	-0.333493947812588	-0.440575651917203	-1.9295119251308	-0.187836476039631	-1.20087745628057	-0.943401579087461	-1.20260485628133	-0.151440453967234	-0.0440779727182372	-0.243657897845699	-0.791525811565134
