	HD276_Trest	HD276_Ttumor	HD276_Teff	HD276_Tex	HD280_Trest	HD280_Ttumor	HD280_Teff	HD280_Tex	HD286_Trest	HD286_Ttumor	HD286_Teff	HD286_Tex	HD287_Trest	HD287_Ttumor	HD287_Teff	HD287_Tex
EEF1A1	11.0361163137721	10.9221878391059	11.8462615463267	10.5367732195309	10.8573474713486	10.9285133789017	11.5059466491275	11.0857647750075	10.8906636639137	10.8368813639252	11.6286739830301	11.1603554093393	10.87713042807	10.8386241701007	11.5987399185768	11.2440325288975
TPT1	11.1651546359685	10.7200725998991	10.6467326633503	10.5244949238881	10.9447546900525	10.9527797248114	10.412309457092	11.1658698395306	11.1394445895049	11.0877828784878	10.5964093858611	11.0658955006761	11.194893696478	10.7054310539399	10.5326993143314	10.8554625998839
RPLP0	9.44022647412317	9.4300478101936	10.8737880322457	9.10885245428887	9.12238508843998	9.46632333215287	10.6590352838589	9.51055864940547	9.25341598631864	9.19459610095417	10.762189015621	9.89622585798189	8.97233598496046	9.38531675992217	10.6155779734706	9.96944450613944
RPLP1	8.79995587656405	8.71506405159183	9.27250646471322	8.80571346241432	8.40646797937059	8.8331464779663	9.45239413104932	8.94376033540989	8.50597326076735	8.53593047438546	9.50852659085036	8.94236883021382	8.27583157589438	8.9280331629339	9.14464402951929	9.44317060382116
PBXIP1	8.66025652279657	9.32672084240856	6.18069565460193	8.8231626574977	8.5051125315951	9.03884725372853	7.11853685080602	9.09634596703564	8.66592499104086	9.23362233523053	7.32049519789633	8.96776589027795	8.7752442854052	9.36604529191359	7.2438606214243	8.94993374500845
SPOCK2	9.29111137499797	9.11890802121633	7.57044173116344	9.52103880824661	8.20136327828358	8.3164038962087	6.43834401672781	8.13246160210872	8.73043752611789	8.81324335393867	7.55195342250094	8.44920189186394	8.86040525835118	8.72420025017555	7.57133232296757	8.57584339577068
CXCR6	8.08370436014105	9.0535570041527	5.03578835362409	7.64445121536248	8.50878638762171	9.09759986129006	6.53677450927481	9.22532722564796	8.93206361636607	9.27209980205054	6.59066675441112	9.31593634238575	8.4404891607932	9.06006579398968	6.79759497439217	8.68292014099688
LTB	9.03383567184916	8.70780271250907	5.94753620550673	7.03981725594033	9.18448164509743	8.51419456095662	6.04438134469622	8.00674856475455	9.37008407378331	8.93209178078494	6.16325503571303	7.17827231029361	9.39550035431003	9.380320067438	6.31253425412694	7.7557468734981
FURIN	8.53091866293238	8.02533495762035	8.88613303158631	7.65758350195372	8.30548898643002	7.6311691310667	8.19653476491888	7.35267952896176	8.73624334728615	8.15135929618592	8.6703765687316	7.36419511593734	8.53581174836372	8.48851261660094	7.87621232573966	7.54977529147888
IL7R	8.94313880322975	8.23439680825845	2.43634256857945	8.24481695425804	8.25116671618586	8.0806883167376	4.36057461718562	8.33807606255615	8.54441870485703	8.45203548568185	4.99909603457782	8.73301022940032	8.89575144458934	7.63891252682471	4.7061449455993	8.32397365556396
TNFAIP3	7.04885268694239	7.74521478772737	9.04536872565196	8.06395033303937	7.35528134324682	7.77332295957209	7.69720830315126	8.05056866005707	7.42610745905733	7.89367915266872	8.78207785161116	8.22481631584493	7.39556393579283	7.74006999902074	6.95352905450352	7.75929701816679
S100A4	7.13907146368238	7.88336408018796	7.18562984321232	7.44411688285973	8.04396826954724	8.39277536975955	7.74627992565335	8.02539226830666	7.74830289467222	8.1020811815888	7.55435909405301	8.16613571615733	7.65923705385244	8.38713838111101	7.60642646923045	7.88364501187275
DPP4	8.48324453958274	7.61815642026407	7.71670183623223	7.11745284896244	8.02315778637782	7.23994715486555	7.62338972883811	6.96149202062729	8.23888172522965	7.85037426602454	7.92263497639974	7.50894650715154	8.63503922365349	7.70492590624409	7.96973451646632	7.54069258815421
ERN1	6.91431308544856	7.87279244806063	6.29299760971406	8.31240574788355	7.56489294744248	8.25671214823821	5.84405111000705	8.45669234050352	7.47073829556191	8.30887430956998	5.94394125012371	8.0935883454846	7.99227265138284	8.45182059661169	5.71203424059079	8.01900246360955
PIM1	8.0325267806635	7.56367180850449	8.60028301753661	6.39776145338023	8.19462749642001	7.37903886335227	6.6216290100308	6.95929835483228	8.11568849043349	7.76034154289376	8.0443198668845	6.40334863579081	8.25972249755984	8.00173178208335	6.84779070457127	6.66166615125814
CERK	7.36427257226505	7.53012586012887	6.4777463309503	6.72807352043566	7.14209982348255	7.26286082104593	6.68452713120993	7.13110639537303	7.29285516713925	7.44088540228843	6.74835800512126	7.02403958540925	7.28547938941177	7.51196315321891	6.65142782506394	7.00698737640232
RORA	7.47234605978344	7.1294711000157	6.28642417856771	6.39216047104286	6.97452956492073	6.87509339507053	6.11250705625879	6.87129385371259	7.56729667268063	7.9888700150557	7.08848861921162	7.60317876831606	7.79377994843821	6.65965439102488	6.10805756023597	6.61148082755861
SATB1	7.71591554200699	7.22113939030981	6.98828932128266	7.6892917228908	6.79697592373376	6.60233201999141	6.34655996850048	6.92598670059153	7.08965779673141	7.06411693654593	6.53948144952367	6.84061556783102	7.47382243281172	6.66765775366178	6.3645811155228	6.81821370028213
MGAT4A	7.26900346203805	7.03158065323502	5.85517238726827	7.4297908015538	6.75230102757632	6.90428663836096	5.6219043138164	7.14832644248901	7.26619961283842	7.78035350434639	6.37947201568759	7.56552771884262	7.4495961101747	6.52940210038568	6.17571000348867	6.98971249950223
SLAMF1	6.88497662043476	7.3828884831684	6.42800402506754	6.6277370743809	7.12707186498823	6.89213222251827	5.89571424856359	6.87930887949728	7.46661231778784	7.53252965462927	6.30973043043014	7.17770524296072	7.30668804163768	7.41333934310924	6.118267463752	6.87385824755885
KLRB1	7.31816314860399	7.03893856852958	3.11721164520451	7.75244081838106	6.08331880596568	5.92457011021218	3.34074746599958	7.06032158053383	7.01950343691475	7.32234957405371	4.19712352846746	7.1528195622102	7.20634401087024	6.94975199959503	4.53866848466664	6.78202263795324
OSTF1	6.24891388552319	6.47776279062262	6.36536615938024	6.14728273891146	6.36303524473319	6.46271657320778	6.48663474338942	6.33482988891024	6.87340125352028	6.93329264662678	6.9859374788938	6.76259847205239	6.43349967980041	6.62262206223222	6.73262233664057	6.26412631257902
ABCB1	6.29382271164292	6.58604783380017	3.97038850707629	6.6476183982616	6.41533301860155	6.8269110710931	5.41962246876413	6.69852957000449	6.72009132518956	7.22769622210661	5.55496950517551	7.25015564067497	6.53433600001855	6.53557016117603	5.45471613665987	6.86372449463989
NFKBIA	6.80500394346145	6.11613629790075	7.6950525915851	5.54339679810446	6.72071683178357	5.4508250415	6.48470812800658	5.75539917664362	6.8090603395578	5.60313816577873	6.69821301683219	5.45118233063892	6.80630713168897	6.29500741170155	5.90602007443455	5.8463150069986
PDE4D	6.43597694143454	5.64581350179126	7.70325787966041	6.11228145615722	5.85899516197738	5.82735323061441	6.09787700991563	5.96622802133684	6.57760760728191	6.1941945253096	7.50907879206415	6.09521100503997	6.74515489919749	5.61606933309322	6.3213990899253	5.70680930900841
NCR3	5.33555845462387	5.87624008506631	5.73378023967011	5.41007737298602	6.66174527922541	6.77301144877809	6.45319877229541	5.99602017780553	6.10095637315836	6.39409375875119	6.22825065754002	5.90824006105984	6.5862091582382	7.30937147140676	6.51589437726714	6.27739241970535
TNFRSF25	6.54675926956514	6.77380996394646	5.17864457558345	6.40778874894949	6.33019026366389	6.35803678945194	5.214044495817	6.30404394740209	6.61288137657133	6.88555210869495	5.40502924282622	6.22382808127167	6.78725791755265	6.78457672282558	5.25894613282383	6.4333089258855
RUNX2	4.70554217304081	5.83196310980772	5.88387440713048	6.97260285670103	5.39852002365481	6.0055512991432	6.06902165655969	6.43400257596126	5.52393076540212	6.12478966994523	6.47583804466781	6.85061134900263	5.28975353325859	5.70804619200736	5.49351082021137	6.39730567211192
FKBP11	6.47094944682159	6.60027331422691	5.73327153320019	5.42258622660456	6.56794271920351	5.97483169172575	5.4853320509088	5.91231191245344	6.74852846907868	6.32649623756373	5.9736577558782	5.80993772174754	6.10970355441375	5.89690918289747	4.73296954688937	4.79133395839693
TTC39C	5.97249977960826	6.00145853637335	4.98199120217201	5.41524121909739	5.88726966105501	5.76397344309893	5.09617120127631	5.78487726796131	6.17073245831055	6.3209490917028	5.70029398768758	6.39410295220095	6.22047745130091	5.853910187785	5.60806569399387	5.89983440703108
SESN1	6.12022473467098	5.84170480216114	4.45309593834587	4.11797814701886	5.94264332147836	5.63832855568297	4.73802703716534	5.40114979897183	6.23081610895811	6.13378191546742	4.92801713215353	5.43608795668774	6.29532961484687	5.70170862211888	4.81359366358521	4.91743898014161
ODF2L	5.64716694534155	5.40338016070744	3.91404717679587	5.28912036852535	5.47923399922726	5.43791460942571	4.43296748581169	5.41259710992043	5.87529784965305	6.21627485124922	4.63258108238347	5.83891913710188	6.09910625673949	5.26545240511693	4.68651765352634	5.31488228825907
PRNP	4.85151220252231	4.60210710072224	4.86982940604223	4.3667087241298	5.68027165508805	5.09340561043858	4.85301129155287	5.53286413701487	5.47860018739333	5.35162833720336	4.70523443078467	5.09296751693426	5.8095333566107	5.2202172411903	4.82061359303239	4.79017752526777
KIT	4.62593525051158	3.99553420182302	4.03124885138859	6.90865661779159	2.82563120961273	1.22141031389539	2.87163594388449	4.28953911323551	3.54061124441147	2.78177309657727	2.64214345992936	4.39887997828877	5.66373590808968	4.9418753372254	6.28778083557598	6.96071026883791
CD69	5.37423804252562	4.90435901627993	5.30177540029891	5.15708642526055	5.52755171910457	4.96098005092733	4.51328601161045	4.97661801820962	5.6725721342184	5.20775850634441	4.94678390556055	4.90842273278219	5.6854881103926	4.80989149874858	4.48539455008716	4.52553152569656
GPR65	4.97872982622525	3.84609701919599	5.58834631889132	4.9378006963387	5.13657852837533	4.78327974564897	5.57075520969618	5.12838227278421	5.08432864112354	4.92412876550317	5.93725362557068	4.65173623600343	5.42762728591227	3.74700244306412	5.39146752995658	4.12066808086737
IL18R1	6.38530418500358	4.85775270935251	5.63702137004397	5.16848987923898	5.09963615906209	3.46569166464917	4.93054511518894	3.06761685755273	5.35734823670142	4.74102562708202	5.05946524789193	4.13478144100902	5.65411520764573	4.21986448143815	5.19632856787	3.63784352632054
CHD7	5.288937649513	4.84876338262485	5.29696413708982	6.24704925873427	3.92113629994428	4.12486314816374	4.16591548892679	4.631971572111	4.36867426461031	4.61825496253485	4.4378681669597	4.81670414963255	5.07994108154251	4.22308635746194	4.65656678287656	5.14345259473598
PHACTR2	4.71454987865034	4.45585490698845	4.36389487154092	4.73916592506907	5.14188778435694	5.18815545444681	4.86983946764866	4.88918393101001	4.81314556056313	4.97446255478157	4.95739917947535	4.98690961819448	4.88456742075348	4.56401741379833	4.82759952993155	5.0595534374558
AQP3	5.25582367427108	5.50986102742171	1.01216595472773	5.02627702670567	3.89082371358974	5.1913980193785	0.777521560356181	4.69074395126907	4.64945772312433	5.91314168886632	0.778854645827196	4.7171962829223	5.17814773868405	5.37740577653463	2.23416018632393	4.8993189680959
LST1	4.66363239093038	4.38833245510401	4.58750610918203	4.05509670620177	4.98783296051964	4.5017966520051	4.93713517315753	3.81615457244099	4.91701629377309	4.32504141194481	4.8346616665245	3.62746931487338	5.3291520851927	5.04013533128327	5.02458103506475	4.28402773623771
IFNGR1	4.94850707237524	4.69818119849282	4.78106462410126	3.47973242390296	4.99790635952404	4.4073542737491	3.55420918450771	4.53579654693793	5.10166288288896	5.02651141211546	4.2390547251237	4.49487337634281	5.23549046192116	4.54096581773902	3.87181760078205	4.07201471946052
CCDC107	4.46597437657209	4.90435901627993	4.42942438606353	4.12879585737711	4.71814971490585	4.89190566288679	3.91435906852422	4.78513997609833	4.69046968179608	4.83612840711316	4.09986767737164	4.31679181871378	4.72567983736676	5.19007620510403	3.85823649345581	4.40681222244951
IL18RAP	5.66054614124618	4.2092795228785	4.68332139787107	4.33436301384012	4.17750125874493	2.19776297434447	4.04386963593076	1.32985518351974	5.36412387585103	4.36871043096664	5.03962153994704	3.62746931487338	4.92855504089334	3.78019156323708	4.51165788010739	2.71064751147617
CD83	3.52076063875583	2.7415587147446	6.1668235048747	4.13059094921504	3.66079077797183	2.51491473030727	5.31218703528931	2.08373633734786	3.78992619684797	2.59829004980926	5.35371975655949	3.13306773829948	3.52828412577613	3.03160452175775	4.67660295766769	4.00381608659689
MYBL1	4.74626878070977	2.97191195813199	3.33670158925699	0.768090780181793	5.24839051286471	4.10951875426934	3.62821684697531	3.01601772855381	5.49103465246962	4.23549294690699	3.95112527749893	3.10471078253022	5.81386037352359	4.00459417209861	3.93417514068764	2.17858618841591
NRIP1	4.37961982139971	3.77466608345334	4.43694165745222	5.02434724333085	3.19894771110601	3.26794795354502	3.7950506285286	3.78125655103198	3.93122312145968	3.96613471657616	3.99815129765489	4.23629971414303	4.57359087871423	3.78891454545222	4.6213940180305	4.78902016442316
COLQ	4.37961982139971	4.39187310790921	1.84513310431384	4.56691367952789	4.07020266853717	4.16664955816503	2.4656680027553	4.28487510985543	4.32071666793038	4.43867727794105	1.87979815510804	3.73929594517048	4.79610596306842	4.9776050644592	2.64453027443713	3.53113377441955
HPGD	3.23979721402663	4.29119172897906	3.74468470612686	3.47973242390296	3.09329180400382	3.97487428851317	3.57367437970729	3.01601772855381	4.55786305305612	5.23160607858006	5.35572731340489	4.93147884630788	3.59875783897535	3.19146462267677	3.41438957681908	3.42784310934188
ZBTB16	4.96908424346502	4.67075359023168	3.4500118990853	4.39087531832545	3.64378334694062	2.6100619903506	1.77800672635561	4.02820400795375	3.81239488988573	3.55184681966558	2.01804755372184	3.22814514534441	4.96680681872167	4.68927697481273	3.03781392693653	4.68210840999745
PLXND1	1.86137054083619	3.87421403897988	1.25831202934299	0.549349614501219	3.63735351233778	4.84016505234865	1.87533556330475	4.82530858400778	3.317916618034	5.00821953053707	2.38339879112203	4.56072332999802	3.71436487030857	5.3650629511112	1.40456224239066	3.32299448022741
KIF5C	4.0543060423204	3.81742110989297	4.61095587792046	4.44813911610073	3.51409125572588	3.11925043801547	3.44747150943503	2.65074043496521	3.86349976760249	3.7953060290784	4.27556620815009	3.97946794831542	3.89558701944796	3.04623041724056	3.45877549290327	2.97771957210444
CTSH	3.51193030540403	2.88413329618561	4.79964866253299	1.73836762072566	3.75289243811164	3.79898535310366	4.28287885212563	1.36563305084174	2.85725486866449	2.41604510985966	2.94384300697389	1.63674687326281	3.99909697860927	4.50964597696185	4.72764437913764	2.84590941865929
PERP	2.9440495004853	3.33770398836215	4.22316808140449	2.65007101321104	3.52341966300033	3.15622767639728	4.57615890920547	2.95860502474101	3.81734076527342	3.82173220059646	4.89802422523955	3.80245456339703	3.18315767772311	2.87246334002609	3.85041807060657	2.52846967450493
CD40LG	5.01146839548747	3.92641635988165	3.67646502590271	3.32214417581147	4.43272800225369	3.333987148095	3.25894379619855	2.74883267164687	3.25003673423649	1.81345570986265	1.96643047375097	2.07708590060017	4.24413784854077	3.74923896336306	3.46902373114965	3.5558409405188
B3GALT2	5.28289454079358	3.77737571635935	-0.713445595233998	2.24200647274042	3.40476717026158	2.06970693428818	0.132069409081186	2.04748166053937	4.91816778414483	4.68742696960709	0.517086936146727	3.2713082970561	5.04986031539961	3.83175544281416	1.57555221997753	2.69590287186793
GNA15	2.41623579682898	1.67297365344815	6.21498564147284	1.02128535098767	2.54333463214744	1.60859211679251	3.91244933237721	0.526815650125141	1.83007554195926	1.07261840411322	4.61425062919556	1.09897977866432	2.02754928622687	2.11222790859172	3.40107070951834	0.881599454308931
IL4I1	3.41737147285198	3.28536331150421	4.45062240749677	2.90625688716203	3.34024977671821	2.93808643766803	3.75511579275002	2.79767043596666	3.33870540155372	2.89062936596855	3.27188126611323	2.67410500820619	3.23570549133565	3.53781571274766	3.4037443378573	3.08346206185657
COL5A3	2.06826641649058	3.13290838264071	0.971334893227371	5.39223110860075	1.43196753892108	2.55574408753726	2.95563889106299	4.3547840615613	2.25147644320198	2.13338202059455	2.24295175053483	4.82541902155392	-1.17433052035834	0.799609441255169	1.85101823910809	4.23046686693256
TMIGD2	3.8638718720734	3.30051255621067	3.75273877399083	4.53202501749788	1.54620470200178	0.217558509791468	1.61847181305413	2.14678370594821	2.40392254205938	2.54852616934483	2.68748142099448	2.62170125278279	3.24672097553189	2.99814383414001	3.1535288863006	3.82112424531247
FSD1	3.00824835982027	2.85877166626622	3.99944827553484	3.99330067970183	2.16247317970932	2.19129918483211	3.12682359583487	2.39779900857533	2.67853448315674	2.91046398355025	3.23745441268585	2.89992374862843	2.59706919429964	2.84344784342863	3.41173562191313	3.09474672972103
CCR6	3.34629472619025	1.30350919279605	-0.546022381259203	-2.32092112342077	3.68593180540393	0.813532107376725	-1.06628998711306	-2.18155248069987	4.70788575731906	3.77921481456906	-0.263297559183808	0.600206046095411	4.24962400568837	3.15481748856487	0.0842685668035556	-0.58536108320718
TLE1	1.54092454474856	3.50398047720813	-0.360840334426571	4.31080671696658	1.17215229491083	1.18283219836776	-0.520875021050343	1.8342109768753	2.47450168777844	3.16695878345612	1.24524658059201	3.18816239525484	2.57393107585625	3.35017522561208	0.632300008082453	2.79146826686014
NR1D1	2.91308348483142	2.89415441559011	2.6104248742708	1.72891899003105	2.43875487927219	2.59544967380573	1.76959164978557	2.50862670018273	2.36391804135491	2.56112898817908	2.03818815599407	1.63674687326281	2.51440824002106	2.8928371313816	1.18590620162229	1.88126296571185
DUSP1	1.71516452415413	2.45381732862854	3.83469810075284	2.18094922572958	1.60010100844381	2.01219188642455	1.14589123544176	2.82790972894872	1.57366955954629	2.47050588297914	1.98729943602	2.25964038804945	1.74636633834534	2.45682723742634	1.22271098678889	2.43092939763552
NEO1	2.08423974069274	2.07652219824544	2.78550808867441	1.14010647289725	2.56156070064632	2.17828407136136	3.16261283680194	1.72826275758621	2.67308816128601	1.90528101245596	3.10050156631258	1.15536629773189	1.27293971582448	1.73280368093934	1.46725160421364	-0.135198826158895
RORC	0.593655348213049	2.08529603087953	-0.546022381259203	0.786425209401216	0.346532701083152	2.37362571409184	0.500798876396012	0.686221597553943	1.4130587653685	2.22334993001867	0.197056802612581	2.82657941967589	2.54447661095234	4.32556242097587	0.820144753864634	2.49479162410281
P2RY14	2.08423974069274	1.46011869237617	1.06486968603396	1.37630550547258	2.11389842508334	1.10243606541955	1.91402802714767	1.84269858009315	2.53579948879987	1.44318833383853	2.79791529290742	2.0376297597866	2.38079535725351	1.47619701536876	2.19147416530159	1.63556904798379
TNFSF13B	1.90698886099718	1.39103212314942	1.1031712371199	3.40457337914887	0.346532701083152	0.242782482920351	0.708761468267396	0.741732926080109	1.77011855176523	1.56081179939349	0.871567979480929	2.07708590060017	1.80715830098942	1.21653413827161	1.76213538054628	2.46030856915836
DSE	1.59766838025475	0.947079324125674	1.33541689524799	1.84717266375594	1.11159035158827	1.64688833227288	1.9216435346196	1.88440336359563	1.15626749930887	1.01881335242188	1.87979815510804	2.09641655696372	1.73598055101545	1.42115189268364	2.12821625568592	1.81002132182575
B3GNT8	1.3948765120472	2.17021888076915	-1.45020722060635	2.10993220797856	1.99822900917718	1.99744757549025	-0.126025394055961	1.8342109768753	1.96989627884249	2.22334993001867	-1.02463446172614	1.94469849092482	1.83661989487881	2.30090350330456	-0.243657897845699	1.94083814520395
LTK	2.42880072314187	2.80135524614607	-0.432086884490131	3.10924482475982	1.00907084599481	2.19129918483211	-1.06628998711306	0.991158029080148	-0.269380711032616	0.86467563575098	-1.40486817889842	0.572864481710339	1.19924998588365	2.61234982079029	-0.624493361956524	0.932801304262017
SLC4A10	0.269716543500733	0.525171760959429	1.3246510182839	0.291411491621427	-0.340482025668409	-0.533096350366695	1.09291425049844	-1.14600120515525	0.612813018479039	1.63421644557803	1.87979815510804	1.46891179617678	1.9123637900733	3.58114601671828	1.57555221997753	1.91560655217876
SCRN1	0.858028672081326	0.0747276922566226	0.971334893227371	-0.156618888739655	-0.0641210403115611	-1.16822449478741	-0.440575651917203	-0.421915512761111	2.3017512080637	2.52298536407301	1.73923856573546	1.8106754204737	1.70436691329586	2.25756909537819	1.05596533963006	1.13580788763442
TBXAS1	0.0915259375247776	1.33327738371345	0.423891023505514	1.63086463788014	0.505610256696144	0.494533877074897	1.07936036089466	0.880098888213176	-1.09593456716491	-0.586411931639597	-0.0357358502771262	0.231954275309003	-0.151440453967234	2.80955658474344	0.836068333580196	1.66614899698349
BLK	1.67353739617505	2.65580575803533	0.206556809052414	1.41216887938146	0.0173681019630936	0.494533877074897	-0.0949598720166033	0.417430463820018	0.919210941520437	1.49665262317132	0.545507122978696	1.20963164174627	0.388994005105636	0.44962455726449	-0.0556313129137302	0.696476756804104
FLT4	-0.392133157523791	-0.892788848920576	-0.432086884490131	-1.91331386881049	2.22097835018241	-0.191580440981968	1.77800672635561	1.44581790370492	0.19316940813089	-0.428579948775041	-0.4193340541436	-1.92283398865089	1.72551945519278	2.21289263098657	0.47847617309375	-0.207278790062939
CEBPD	-0.63201746329255	1.17788544081174	-2.21169282374588	0.390623934818166	-0.52048337402705	1.45518350534886	-2.33420978154878	0.928746117158791	-0.0735605042563473	2.47717116954965	-1.51794845651222	2.50359064262148	0.46642269100387	1.70542074308857	-1.85550636582645	1.48361028814457
MCAM	-0.265276475850851	-0.113231871932423	2.32731284767287	2.75154480079233	-1.61448491337335	-0.533096350366695	0.233455661731029	-0.59450034468443	-0.707053319694135	0.572679100236728	0.730163520596075	1.15536629773189	0.128138059312235	-0.0440779727182372	0.737778750926178	0.828513351330657
RAB6B	0.0595640965312122	1.0037131525922	1.02552348488476	-0.0551902593981829	1.20730555622914	0.779463258425007	2.72701515969078	0.484051568662856	0.542871689996182	-0.479295995976413	0.488095619736777	-1.02500636454447	0.41526801143416	0.782240438152531	0.373280100927658	-1.24324763604354
TSPAN15	2.37137622589795	0.867934070948547	1.82235406224066	-1.50387427445003	1.00907084599481	-0.76481770512931	-0.562765403895632	-2.05003521458967	1.52612756299287	0.0717281983523268	-0.4193340541436	-1.92283398865089	2.07776092218388	0.978022004254674	-0.146583580505813	-2.1666080651541
IL23R	-1.20037594288333	-1.5875504915296	2.80887164697311	1.14010647289725	-1.19182574956125	-1.94123950909428	1.35157521424355	-2.05003521458967	-0.82540351989927	-1.28860924493969	2.53990978921528	-0.793893927295904	-0.890693057316977	-1.02675449036949	1.04230362375675	-0.84802350626487
PLD1	-0.919902366742743	-0.425834345818059	0.443926858181413	1.18225705287884	-0.242360716952195	0.0274443348325028	0.936320396080802	-0.421915512761111	-0.00211435106258579	-0.286324788501561	1.26246997561264	0.979130858129786	-0.653762250779343	0.427450126615285	-0.243657897845699	0.615221003455146
IL17RE	-0.685181208374006	-0.0736297984223295	0.664877723534525	0.212251408158354	-0.771098309845116	-0.449913310655581	-0.743665328089203	-0.844056819777669	-0.00211435106258579	0.237931719514669	-0.533600226436102	0.365424744700899	-0.151440453967234	0.883449753918667	-0.31220396044152	0.121736700854179
ADAM12	-1.05333402152594	0.109550113180233	-1.06330407564812	-1.69411759010073	-2.34456255979186	-2.48714530379595	-2.48714530379596	-2.18155248069987	-0.707053319694135	0.0717281983523268	-0.723998914095117	-0.168391074207236	-0.358418781091243	1.05235629915743	-2.07615905033628	0.288262262442605
