	HD276_Trest	HD276_Ttumor	HD276_Teff	HD276_Tex	HD280_Trest	HD280_Ttumor	HD280_Teff	HD280_Tex	HD286_Trest	HD286_Ttumor	HD286_Teff	HD286_Tex	HD287_Trest	HD287_Ttumor	HD287_Teff	HD287_Tex
TMSB4X	11.0164147008408	11.0322901130918	11.3633363432315	11.1672757673392	11.0545839483276	10.9964618010058	11.2303131276053	11.0859602839448	11.1319737881425	11.0948765605638	11.3998751370852	11.155737761703	11.1017195277753	11.2019195428	11.4930358785835	11.1752293499669
GNLY	6.23601329030998	8.6627174498301	7.84419885793327	11.5884923707394	9.20745176891097	10.7832478214315	8.77783249631486	10.9580147588267	9.24231096521047	10.4053248250934	10.7566680476817	11.3771110605995	8.84938191084706	10.1657570582333	8.95476555642031	10.3150531458294
PABPC1	9.91826999320302	9.75874105677527	10.4392060979468	9.70177613910932	9.44610938609585	9.78046986523499	10.2012151924038	9.75275723924479	9.72935580884896	10.0902467000759	10.4111293311517	10.1100355548655	9.65022440555613	9.51723495250429	10.2784438905657	9.80190833440466
IL2RB	8.69675401046774	9.72558408981004	9.29646476254784	10.59139946644	9.02430678194169	9.70555301714832	9.18842244945154	9.74411134276631	9.01101683640948	9.57907514132525	9.2647758912959	9.75995521129801	8.85366627359546	9.85652408313578	8.98860675149724	9.95829034508718
ARHGAP9	8.09471155616992	8.74850404738822	7.65800921446383	8.79485876069012	8.18996689457392	8.44022676138493	7.97941224772316	8.72642883423779	8.24164387950917	8.40387291671149	7.96187843403195	8.63468894323572	8.14248277108676	8.8160764075654	8.02743187308256	8.92301681540536
CTSW	7.01227228268951	7.5246934382423	6.79660344297638	8.61348151134593	8.776343589079	8.83890866865184	8.26651326254812	8.99057983840531	8.45541349238845	8.26837893444732	7.78713211324445	8.44414176720869	7.6398703621175	8.26252573048616	6.98555967375579	8.06765685184914
LITAF	6.80198867878398	7.9658530348713	7.79897450625791	8.29089516319653	7.44621973124519	8.48104218212652	8.17896831676499	8.43475439176441	7.11523594891969	8.10329347955944	8.5443531164155	8.42025036072994	7.10834260133548	7.95453769352404	7.9551131737728	7.92387640654959
AOAH	6.85735689957392	7.81478883968519	6.04994878207747	7.86212016315851	7.87253120870486	8.4330537038175	7.40512478799435	8.59577780787702	7.6465503182719	8.00913302171151	7.14530121268407	8.33826236586792	7.72487950991474	8.30286170276217	7.10249301817291	8.18184826950804
ZFP36L2	7.49193734388425	7.8078479714074	6.96486357228586	8.27951284613343	7.40895727838978	8.13884434675248	6.11458500428813	8.06956227333732	7.60871628618052	8.30431342244546	7.23773469061335	8.25402505673378	7.62024015105077	7.74652153058001	6.28306922367604	7.90089066897332
IFITM2	7.39721344632474	6.86579669352214	7.62958882515065	9.22797978100677	7.27385231031427	7.68363283665306	7.08289711090302	7.44563249525294	7.48790091590147	7.77647458658242	7.34748002063583	7.41824350163371	7.38126516479634	7.56830880038477	7.6350095531027	7.24293118844258
PTPN22	7.3916081278175	7.39484838350171	7.00461147681301	7.83457758220346	7.44759852299319	7.51044263343501	7.29124453530473	7.74646079904846	7.69320376177665	8.08690896555414	7.58612844948311	8.16341736563409	7.71879420022891	7.20894994475402	7.37345637947205	7.77925114006047
HOPX	6.30323635145269	7.36925788175547	6.91661508721006	7.51007257407439	7.12170770206036	7.66538474082841	7.64266954905238	7.98186974441892	7.50677657653077	7.73970165244294	7.86054435273265	8.03656144430321	6.77177180313874	7.5096563071513	7.3377263453872	7.71092243951873
KLRD1	6.26301641678592	7.77585537629183	5.01752096426506	8.0701604270649	7.31371382186995	7.70435090119452	6.45352714694693	7.76485994537573	7.33204522101999	7.95524868882658	6.77635574263823	8.70907546243721	7.32520977689676	7.67568127074815	6.70362301598708	7.78550316744248
SLA2	7.33661744224237	7.50969885781968	6.76658981247376	7.33935415758478	7.45477754876784	7.22677301746615	6.90440184684849	7.31085103566669	7.50505335954838	7.39762261110534	7.34166754934238	7.28321666071574	7.50779515072831	7.64897921407344	6.95124634558502	7.21799234570218
GSTP1	6.50026558182822	6.60142060734369	7.79897450625791	7.01937426678258	6.72400769461116	6.64671048125275	7.99506189185355	6.88548362305429	6.81277991098245	6.32418751826418	7.9473077481388	6.93892635187319	6.48557378765164	7.21644599422087	7.86291561687156	7.52878160257931
CD63	6.5578841978227	7.3138766234109	6.55087342635081	7.75112870595418	7.12936470043101	7.46996150466245	6.96393010958573	7.76597599104859	6.94435029133041	7.18125446867833	6.73839053712287	7.56834262155118	6.71142649352697	7.39381573400951	6.84238099334194	7.46245165921597
CD7	7.14527082927863	6.91614911567611	7.42099171944522	7.97057622107593	6.43152705653066	6.46707092487196	7.07970974531104	7.03832143614934	6.69377433969559	6.78639551576889	7.62180832734234	7.03096312418262	6.58367742273614	7.04157600777295	6.84828149212059	7.61947266969056
PIK3R1	7.25804341254331	6.91614911567611	6.38590189833835	7.1387925918283	7.11304472157729	7.11489123801852	6.88237532686731	7.37113215941919	7.10161693704382	7.16972811184899	7.33557729069157	7.53064740793861	7.25557166333792	6.63839414335726	6.82003666914305	7.21303872523744
RIN3	6.75380373177361	7.31107433524562	6.82218335504505	7.42960854387831	6.85377553619381	7.19158211045576	7.26154672565037	7.13931155083808	6.70014772434483	6.94295503723352	7.28511708866174	6.97951007905119	6.51358510050899	7.37890738957577	6.73421644499694	7.4403221459274
ITGAX	4.96261784067116	6.14369849338911	7.23047739952302	9.32548365275469	4.9869903270738	5.34996950516054	6.44760493723606	7.63802774506098	4.01970632329449	4.55192661771807	6.32927341696471	6.24563574306098	5.4105865306753	6.37539367234634	7.46558405047121	8.05892086234749
PDE4A	6.7649955680605	7.01990099816449	7.04000655797285	6.92994492450376	6.99814065040374	6.94495814782906	6.92680682863035	6.85853341895734	6.5917486123614	6.66064961662282	6.57653418013418	6.48628857499685	6.81218948504094	7.2416848188398	6.74558963170221	6.86042252627056
ATP8B4	5.83529874211911	5.99274108074054	7.15176886206752	7.83595351846563	6.3275300753522	6.10002158846231	7.12864811890792	6.75638858255178	6.53958042407213	6.37904687633738	7.01861625671024	7.14355713748655	6.57095167046992	6.2800034980261	6.9655674787764	7.36056813287586
ABCB1	6.29382271164292	6.58604783380017	3.97038850707629	6.6476183982616	6.41533301860155	6.8269110710931	5.41962246876413	6.69852957000449	6.72009132518956	7.22769622210661	5.55496950517551	7.25015564067497	6.53433600001855	6.53557016117603	5.45471613665987	6.86372449463989
REL	6.74880157682334	6.04314739370559	6.96247823745647	5.96512477790363	6.38302987851997	6.15544838770616	6.407489812532	5.99506868172601	6.35718108045274	6.4438550102983	6.9290981295061	6.27509299663645	6.73866709118637	5.75053040587658	5.97775349321387	5.93635976395677
NCR3	5.33555845462387	5.87624008506631	5.73378023967011	5.41007737298602	6.66174527922541	6.77301144877809	6.45319877229541	5.99602017780553	6.10095637315836	6.39409375875119	6.22825065754002	5.90824006105984	6.5862091582382	7.30937147140676	6.51589437726714	6.27739241970535
RHOC	5.60972124290181	5.97219313535712	6.76758383082512	7.19884360630448	5.91765623207242	6.12100383029446	6.75894809685159	6.26904873992508	5.70228614412649	5.64369657982101	6.51543793979635	6.32049458646586	5.71354904869214	6.24080340814882	6.54343280453137	6.49209832730883
UBASH3B	5.77752641704553	5.71599338681644	6.65257246652614	6.85917141718472	5.51999870958007	5.29902463654442	6.78605810854675	6.34979388732275	5.98321238661752	5.76577020469354	6.54433045699602	6.50222877409688	5.96935202061409	5.76497101492163	6.88294700125138	6.83737463050264
SCML4	6.45452957932389	6.72271050022171	3.56195895240292	6.99617809148879	5.8599159450214	6.28782233417218	4.72937479193871	6.35016600584884	6.21918476199313	6.78370952567351	4.87020606527535	6.59221335607945	6.47429328831531	6.68732825349294	5.38742089004184	6.68144859668126
DGKD	6.65030885158476	6.42387447037545	5.70449382965699	6.41737923690534	6.07184091172368	6.20481869790173	5.92679315524289	6.45940538292006	5.58610657698415	6.17996539255199	5.87352739121013	6.23586306762861	6.34230143197464	6.51238498601551	5.76081616231755	6.33641751646321
CAPG	6.43869743919939	5.85907577949343	6.71805310822123	7.48028999547329	6.14769548304249	5.51951586610092	6.10709034269342	5.83943766047913	5.6498779832305	5.22667023749127	4.42645234391372	5.52526421899736	5.97267312910181	5.86941450412929	6.0845052076359	6.60721883821616
CTSA	5.97892213933538	6.26014737818632	5.06033143603464	6.4436095277533	5.92647300059538	6.57776287549774	5.58341345997033	6.69560408648141	6.09994196009532	6.38614731502746	5.26464035117344	6.46320693565539	5.97819137675979	6.39802006938163	5.54588630575025	6.53346083308501
ZFP36	5.70964128726457	6.58874992123383	5.49840279814909	6.23124188405422	6.10250737032876	6.73407436499891	5.04827486947809	6.63825283270737	5.7424937114043	6.60999674076176	5.36970253108508	6.40722389829461	5.69891855162893	6.51238498601551	4.63055327515448	6.07670977327013
KLRC2	4.87350952160738	5.91243522348656	4.99901930390804	7.89892224029557	4.41153217266244	4.65762156671479	4.4554389568993	5.69983745330842	5.10773146168337	5.72434927532876	4.96530968969217	6.54989580355069	5.04355762574297	5.45550103340646	5.11627286150167	6.88012191824632
CDIP1	5.71349766326083	5.96626813611498	5.47242399415328	6.10225380202237	5.51182023223696	5.27553728853797	5.48789919063308	5.7859779413524	5.93794798207243	5.76099859321187	5.6430867117627	5.90413228771745	5.86360480711928	6.14553497298459	5.76861565124492	6.08286192208934
MATK	5.57056912098361	6.02502093908943	3.73861451025252	5.63477064078381	6.10833076056909	6.12397653670715	4.3408295659971	6.2464378475232	5.71890039539139	6.00652183056714	4.07571207613728	5.7870697227803	6.23114725374449	6.87849408547982	4.22465584517934	6.13571654381017
FOSL2	4.90645075440775	5.58137754688445	6.8534163140955	5.2199837337271	5.53621787613793	5.81794328299425	5.4462665048791	5.79092060624031	5.43421567255243	5.66428637983604	6.42224665929252	5.79448617542236	5.25380586424428	5.69011395396788	4.88325985796127	5.10676506102373
XCL1	5.2065079162582	3.91415747913903	7.35804190149918	4.44236941763517	4.73731697619531	2.63409169614499	6.27032327335996	4.15117811231853	4.43614113209833	2.45032324448431	6.20672379594284	2.89992374862843	5.60716364262514	4.83748215005617	6.43030512683184	5.331671585859
KLRC1	4.65296191452936	5.29976242349945	4.85774495895685	6.50405924741119	4.57745658472546	4.82145140112322	5.0413008598163	5.21837088929627	5.96661292659857	6.34665521936449	6.18034699209316	6.94593659882984	4.11383722002617	4.90122113053915	4.13578437403469	4.68460002856111
SLC16A3	4.44293107294002	4.85647194403134	6.94039018332017	5.70391900219779	4.78269386582693	5.22263686201593	5.5894023837412	4.95035069486009	4.62568941377597	5.04007971461266	6.46750747747027	5.02901582284044	4.54858715586077	5.13212759005622	5.33795461914134	5.11325309894216
VPS37B	5.10349144005383	5.57982620508987	4.60540707342668	5.52098886091283	5.31570841222521	5.64780170930812	4.92960121616248	5.58375069208349	5.03422980385129	5.59779611506737	4.91446124063291	5.26939170043469	5.16272193732531	5.82557548471682	4.56995150962321	5.4995604309753
PLCG2	4.97659192957069	5.46938038343569	5.6505551588676	5.02916687039987	5.63042033394743	5.79734203534425	5.65654531581404	5.02216629284363	4.80569869560296	5.0070685506405	5.18558471240316	4.81961496017417	4.38373670143062	5.09831414680281	5.10727950436912	4.65822090949109
LDLRAD4	5.45631037778957	5.00604716485931	5.83350216025427	5.55346829537161	4.53196440746706	4.25142577774301	4.54321483874841	4.67181497792381	5.19582386688132	5.02196013844039	5.0169661752347	5.05023658214183	5.59787393184063	5.12094426822245	5.2515442721978	5.78957654800543
KLRC3	4.37475756406384	4.71382522373064	4.31577861037581	6.74516381129288	5.13809745343515	5.15946775951811	4.72502913247913	6.06881993357138	4.24013761981236	4.61976177333642	4.13769461345284	5.34103421188191	4.50337732649328	4.02688817348651	4.55319113901684	6.07670977327013
GPR65	4.97872982622525	3.84609701919599	5.58834631889132	4.9378006963387	5.13657852837533	4.78327974564897	5.57075520969618	5.12838227278421	5.08432864112354	4.92412876550317	5.93725362557068	4.65173623600343	5.42762728591227	3.74700244306412	5.39146752995658	4.12066808086737
TXK	5.93665646837299	4.66051577665783	4.04934432316618	5.28106144880419	4.82007826750313	4.22001711395748	3.74011976724428	3.92207242203094	5.51254037172723	5.29050176030678	4.23469786847563	4.728081462982	6.16929270588735	4.88808783608032	4.60289918746376	4.78438141404293
CAPN12	4.37638013797608	5.29125612098262	3.2793148566117	5.57208235388047	4.50042568144219	5.17674873861161	3.44747150943503	5.12403674287572	4.94553137617396	5.61979983818793	4.09747023627818	5.68781376950438	4.54412939601975	5.20726048212651	3.53635815179171	5.32848865192247
XCL2	3.15158542449158	2.81724224804457	6.66968868631287	3.83936460403461	4.43272800225369	3.14623660091604	6.43535462272771	3.53903458598293	3.25003673423649	1.70406638175342	5.79136458489668	2.74318656763983	4.42472925403931	4.03424360127404	5.60980346079898	4.24235440314343
IKZF2	4.95395063633901	4.90559798518426	4.22895329244389	5.25989511278064	3.31629862740118	3.09521622913969	3.29457194456759	4.90040739717255	3.42548134847806	3.69022565001289	3.77029264607886	4.38322531017228	5.7475516035192	4.45588620037179	5.74033792371534	6.0941512668623
SERPINB6	4.84800807535522	4.70673532562928	5.72561933249573	6.10179633930526	3.99843037719909	4.51867507409695	5.11289884831743	5.07894822389266	3.79745470931537	4.39358664834294	4.90763522837433	5.28842674515609	2.75970007486733	2.12606267023293	3.88335765173453	3.57208040145148
IFITM3	4.75377866289603	4.50081621439377	5.24223847263155	6.85564847557172	4.67485406586572	5.14616094783468	4.41958360117403	4.83278383061329	2.9902132434053	3.57688611641567	2.36756786309358	3.09032051396702	3.84090692320102	4.12660051250599	3.69974320637675	3.72756768123506
MAP3K8	4.51098536489004	4.39892845132436	4.53243064821513	5.12592912434245	4.94855323211099	4.69007699133218	4.93807415745774	4.50404340430164	4.83769443742505	4.38120215619428	4.97709471765969	4.35541411945193	4.6166848556094	4.25806008759432	4.60289918746376	4.63005834691639
CCDC50	3.28886844886482	4.07256484018321	4.66316587385232	5.74551199825162	3.14557727126102	3.0813004617197	4.42361181971081	3.77683433941882	4.13709784233385	4.94951515922128	5.11266867943986	5.06625618705236	4.73222617989839	4.5602009682988	5.34701241792431	5.40527314468822
PIK3AP1	3.34960259987861	4.58364885928895	3.10153025800145	4.17475733464438	4.39891700338158	4.61116341357638	3.43688175108752	4.86751178561015	4.71982104892019	4.98268339986284	4.00839657774912	5.31651653284742	4.1118304416518	5.77488435469326	3.76149706511074	4.75504633269062
ZNF683	3.65782662446331	5.05152838653698	-0.507035514986032	3.84811899695539	4.74630808402335	4.50961123720918	-0.520875021050343	4.69543764152898	3.04183670520695	3.99196282876282	-0.866499835556298	3.5348619564461	5.80891415055801	5.89489041257278	1.22271098678889	5.4037617084354
DOCK5	4.39890661834692	4.18907145710185	2.14350606824319	5.43353409524569	5.20918688181173	4.10436747368059	3.62821684697531	3.46674782934143	4.97681311579174	4.02645398398653	4.00071944669081	3.95320140897355	4.83555288645434	4.2968002839065	4.05475014086133	4.09654648832741
EPAS1	2.93526968081655	3.25457907330805	5.13077843812617	5.2317390438403	4.85189765999209	3.94828696986896	5.01395358592379	4.40292809710317	3.70974057542188	2.96838235624589	4.96662390135035	2.73086983095837	3.32156058511477	3.44704394465116	3.66673329095156	2.32631315033901
CD9	4.27564392278545	4.09445970295357	4.86240480995789	4.96219879326219	3.9714199884941	3.80957481428115	4.44886595672894	3.69247913381313	3.83451901251892	3.87317526382013	3.80008516180366	3.8487853347665	3.64389765547089	4.05969623414774	3.3957085423226	4.65568327313123
ZNF331	4.25285870053953	4.1224351294967	4.97770258686311	3.85247635277599	4.1521673328232	4.00467167473729	4.45149875152112	3.9751492185518	3.56727953590595	3.483973102183	4.98100176384492	3.21494030015882	3.48862293742186	3.28384139530801	3.4223222736771	3.24072774738991
FAM177A1	3.88454318697048	3.89432399231476	4.25470343881201	3.50762823208331	4.18339808249876	4.09574092037278	4.09359652018717	3.8290267224684	4.0990188949819	3.98963383265824	4.17682783239716	4.03060847417593	4.24962400568837	3.79108707493211	3.97789088193595	3.85691171542804
CD300A	4.2279115183935	4.57433041653963	2.7335504586722	3.47125740454532	3.3533861388917	2.69475789997572	0.874882053486298	2.86588010854367	4.36361154255489	4.19158705473976	1.90194880069746	3.75458641574614	5.20569341061035	4.88808783608032	1.84316049323146	3.4426389357552
FCRL6	3.58672194807528	4.45077160118159	-1.98049533912822	1.15429393989826	4.83232751521208	4.40036579154827	-0.743665328089203	4.44673610946492	4.10104830546732	4.30270100451265	-0.866499835556298	4.75265772677267	3.84332791409944	3.78237725832098	-0.76155199033707	3.16066164088473
FCER1G	2.81119511047996	3.30051255621067	0.929314491339965	6.21229583630322	0.143720688922148	0.473378634493507	-0.480166732936561	3.57768208617428	0.19316940813089	-0.156846129218514	-0.866499835556298	2.50359064262148	2.95592224526568	3.32340624546753	2.36064107964602	5.48104618182396
LAT2	3.74581680654793	3.62022964314135	4.0928213480759	4.98222001716524	3.12427694742594	2.62931766769196	3.14970105794099	3.59285578589892	2.56549860306268	1.93463503486018	2.74375477076351	2.21612139575268	3.59875783897535	3.246331163187	3.78219302616728	3.47466528640323
TNFRSF18	2.06826641649058	1.68456795363086	4.91807522958337	4.33747499185645	1.8724709504114	0.708812634258211	4.75090888258973	0.196844602366127	2.29467547492503	0.329176777683259	4.97448412951659	0.51657595366925	1.82686606021017	2.27008374294449	3.57482575322763	2.43092939763552
NR4A2	1.91594194923498	1.96685051181486	4.41680789688892	2.0730682319551	2.678908264797	2.44055906009297	4.16751769638657	3.08560682882664	2.51159199602991	1.58569731324497	5.28900783203654	2.61501489118891	1.9666711230715	2.92880023597367	2.93436394002845	3.28409137286472
LYN	1.56389058658128	2.77989671763584	2.41112059290173	5.00000459363414	2.42388806741378	2.62931766769196	2.83983465964288	3.08560682882664	1.74956608138629	1.86518949725875	1.98729943602	3.19266003759296	2.14210182659834	3.18817126674144	3.05151802297234	4.65186842968232
MGLL	2.21331403891263	3.1455477150748	2.49032598652651	2.79293979371214	2.78742469539975	3.67706300831278	3.77417015181301	3.0197652122385	2.18415124456366	2.66985826667405	2.78605411218718	2.60154847718796	2.83462031086416	3.64979307434357	3.2665351705364	4.16773404691639
NR4A3	1.24662540364684	-0.583766503933301	5.9241024461619	1.26303443380883	1.55532840694572	-0.667619467708302	3.96498894622594	-0.689208004378841	1.35981368519854	-1.28860924493969	4.75931683568462	-0.658120657706488	1.18404935920754	0.236599505394507	3.0412521741232	0.121736700854179
NR4A1	1.75562416208694	1.12780542337559	5.55534307144286	1.94017900117983	1.58235835378388	-0.490905391644885	3.45536312685044	0.417430463820018	1.71817774726824	-0.156846129218514	4.67500364504885	0.427798057497402	1.1686868676356	1.24216848822463	2.4513051478911	1.46053382548553
CLNK	-1.12498244729249	0.740427228718455	2.66692199117277	5.35432688124588	-0.599281637561231	-0.490905391644885	2.83177358806996	1.29316743692526	-0.95433713795128	-0.33220211382335	2.26875098584966	2.88332606072124	-0.890693057316977	0.993198426648127	3.46902373114965	3.91111084199695
FES	2.7272191088331	1.69606981793787	4.10859716590305	4.23440323747519	1.63494482544214	-0.449913310655581	1.81118461489483	0.0579559606186405	2.24414915136609	0.386950701474808	2.6810911503888	0.77833158887878	2.43957941563552	2.05552273298798	3.39301996642804	2.57218463764523
TLE1	1.54092454474856	3.50398047720813	-0.360840334426571	4.31080671696658	1.17215229491083	1.18283219836776	-0.520875021050343	1.8342109768753	2.47450168777844	3.16695878345612	1.24524658059201	3.18816239525484	2.57393107585625	3.35017522561208	0.632300008082453	2.79146826686014
KIR2DL4	0.122795007688754	0.847450231450022	1.07775018445146	4.36365923641776	0.486658707320781	0.0274443348325028	1.81118461489483	1.26818015196005	2.16099275207782	1.57330821293971	2.56788821489836	3.48072303697174	0.760895816685495	3.89372199017605	2.00685442304264	3.61189688181363
MAFF	1.71516452415413	1.69606981793787	4.05424031357605	2.13875985378055	1.98478514045239	1.87373223551889	2.69181952706489	1.78220922307839	2.44284762166883	2.01011221211683	4.28191457472314	2.25964038804945	1.62779083132003	1.60032076504384	1.57555221997753	1.27458383085825
ID3	0.453113006775088	0.272070144819091	3.68280184639095	3.31268774929796	0.119319978951399	1.03183785561931	3.47878223309842	1.10842285358208	0.804337488884747	0.386950701474808	3.4959344057568	1.37705489473295	0.388994005105636	2.12606267023293	3.58428449936104	2.3134913171179
KIR3DL2	-0.148678378855958	0.624824235833103	-0.166054426794573	-0.304002741778809	3.51642901836409	1.41136147100523	1.65547973702564	0.608719135733645	0.804337488884747	-0.531860061002969	1.66346571974473	0.77833158887878	1.66110805411211	1.20354410966503	1.8032166820208	1.88126296571185
PIK3R6	1.69450109217692	0.00245512366887891	2.92390106578766	2.54091628375904	0.0944994623721137	-0.158180795015834	0.500798876396012	0.323528734464998	0.494286416057276	0.0360597639112834	2.02815300093478	0.544994721080598	1.0563095349606	0.67339169292418	2.70647662168206	1.68618136207148
CD160	1.20340178133816	1.11071817375441	2.50470479655529	-0.985442488386216	1.59125695643898	1.36616652594079	1.44965012261193	1.56345580827653	0.365143385816742	-0.198727680045536	2.09697596554482	1.26192963240113	0.654628430859339	-0.173663659321476	1.41520147016858	0.615221003455146
IRF8	0.324536892682744	-1.38008957987549	4.05911974492717	1.0966872395097	-0.274332019047015	-1.5461341591633	0.500798876396012	-1.81828551986523	-0.59768010457	-1.83125754858704	0.937391091224889	-1.51823400334477	-0.272032787709135	-1.29515661151875	2.0138713645907	-1.6827724316084
PDGFD	0.839326088898903	1.97631505682498	-2.09146774182028	-1.18531537826948	2.10149481921283	2.43509837134259	0.208769209778377	1.63361173480611	-0.496017536910801	0.981795151294369	-1.30001066921565	-0.313912044255326	1.66110805411211	2.1052604567992	-0.624493361956524	0.965953408210932
SPRY2	-1.2799277162021	-0.153951781809639	-1.37808230754979	0.549349614501219	0.91297142550332	0.494533877074897	0.0510618296660484	1.95656228514776	0.78427012806634	-0.116146181715718	-1.30001066921565	0.160283477291519	-0.7673692784266	2.38959899372209	-0.31220396044152	1.24787607091386
KRT86	0.453113006775088	-0.476581394587558	0.856440688427418	2.86372011999414	0.167715557371081	-1.16822449478741	0.0510618296660484	-0.12854878415932	0.444007754821573	-1.03995993332922	0.365927689354463	-1.30033802239614	1.02252561793875	0.595977894758154	-0.210568701703802	1.06107012902351
TYROBP	-0.797773509845415	0.418121774534408	-1.78128155161366	0.184869155840581	-0.180468221489431	-0.00188162272151915	-1.33002129356194	0.484051568662856	-1.74191258194296	-0.428579948775041	-1.92264499003852	-0.724410664204451	1.0563095349606	3.22077132875249	-1.27402964524918	1.22066454543557
SH2D1B	-1.4535388948235	-1.38008957987549	-1.87745263231613	2.46895721692569	-1.69874627321401	-1.46221752141953	1.68262570697297	0.62848855980825	-2.30413662849025	-1.83125754858704	-1.77476939251069	0.802073463290122	-1.43093631524235	-0.173663659321476	-0.384169984876876	2.64563645023001
NCAM1	0.659104916860604	-0.329400519522256	-1.24382432953279	1.70019603428225	0.73169210973828	-0.869040564811812	-1.84638804387647	-1.52833560785885	1.21741182806508	0.0360597639112834	-1.20226070773091	-2.08756841444071	1.89379735772867	1.47619701536876	-1.02360810901999	0.364831031489374
CXXC5	-0.04080311365673	0.272070144819091	0.502417056732485	0.711646599257224	0.0173681019630936	0.33948676073422	0.480317978074888	0.484051568662856	-0.269380711032616	-0.0380369018527496	1.137350997256	-0.036212854791905	-0.00488936095329152	0.311157953481202	0.557437256547488	0.635968001399893
NCR1	-0.186506952173887	0.302487294938086	-1.00782367804486	0.749520346165927	-0.409811489141335	0.796598246383418	-0.950544820607658	0.299066245407286	-0.82540351989927	-0.895203534606387	-1.02463446172614	-0.036212854791905	0.916150808401994	1.59037539007375	0.25980595151665	1.33926704429115
KIR3DL1	-2.00928594173043	-0.699558674854063	-1.69112261655413	-1.04903897112055	0.237394744054032	-0.533096350366695	0.158091725879683	0.568348534483481	-0.545953522383653	-1.11817627380847	0.653899672597843	0.365424744700899	1.19924998588365	-0.0134219313053486	0.820144753864634	0.735450487535836
KIR2DL3	-1.05333402152594	0.784193657378552	-0.260162489719325	-0.512312070300894	0.346532701083152	-1.10321801111763	0.0510618296660484	0.0868239762580907	-1.33838013096153	-1.70517172729765	-1.02463446172614	-1.02500636454447	-0.653762250779343	-0.279113010219198	-0.146583580505813	-0.244715829833136
