	HD276_Trest	HD276_Ttumor	HD276_Teff	HD276_Tex	HD280_Trest	HD280_Ttumor	HD280_Teff	HD280_Tex	HD286_Trest	HD286_Ttumor	HD286_Teff	HD286_Tex	HD287_Trest	HD287_Ttumor	HD287_Teff	HD287_Tex
HLA-B	11.0304272709198	11.1791584891826	10.4024025242535	10.8526296561719	11.5795143206842	11.6105627074834	10.7989216714662	11.4878838671656	11.3893461389134	11.4250661199239	10.8903047479564	11.0415006558998	11.3981499190097	11.749942118842	10.4909757352929	10.9318902152133
HLA-A	10.9853519769912	11.3432198041528	10.7720855518342	11.0071079473602	11.0439127449755	11.2056507457818	10.5420118176047	11.0818070099553	10.6391550773983	10.8008671761994	10.3830145569422	10.4395132518418	11.0095392503628	11.4894333541708	10.3711590310071	10.7761464947963
CD74	9.96272461489505	10.4558622913895	9.68517315542713	8.80240931443795	10.6164510356639	10.8580668914776	10.3987316380778	9.87974904360817	10.2828678938977	10.2415364906186	10.3166724452327	9.86076487561775	10.0262568902358	10.7683788873756	9.97602733132988	9.83659516633587
PABPC1	9.91826999320302	9.75874105677527	10.4392060979468	9.70177613910932	9.44610938609585	9.78046986523499	10.2012151924038	9.75275723924479	9.72935580884896	10.0902467000759	10.4111293311517	10.1100355548655	9.65022440555613	9.51723495250429	10.2784438905657	9.80190833440466
IL2RB	8.69675401046774	9.72558408981004	9.29646476254784	10.59139946644	9.02430678194169	9.70555301714832	9.18842244945154	9.74411134276631	9.01101683640948	9.57907514132525	9.2647758912959	9.75995521129801	8.85366627359546	9.85652408313578	8.98860675149724	9.95829034508718
NKG7	7.78198340508821	9.02576715769028	8.71383567618091	8.49227788229947	9.38677274442031	10.1069480555279	8.96388247792301	9.85062076506802	8.62508076291532	9.10753191134446	8.67239146902516	8.8829056546567	8.34206248963547	9.86531441759853	8.2173099844188	8.56083366683757
LYST	7.84808419897729	8.3422983154667	8.11382384851111	9.27631425953147	8.40615283641071	8.70522331305104	8.71622084136539	9.07545517394747	8.27460848586666	8.72052323428717	8.83978323349404	9.324478813653	8.25234030134996	8.47083392104399	8.51014423059119	9.0311654347965
PRKCH	8.69252695851875	8.67221194269307	7.99567762996648	8.27048436299177	8.7823054925905	8.7356653426977	8.27545622661016	8.78230526271373	8.74462455977553	8.770471300964	7.98605660910227	8.53172756853238	8.74739990563335	8.76151722624723	8.29874747709507	8.48629780416787
SRGN	7.64280539157931	7.97635624059081	8.61070640340109	8.46887782889754	8.0973555008529	8.02623085153888	9.13086586254762	8.46839471535428	8.21530451415672	7.96535835239593	9.22448921385571	8.5047401480273	7.99008931545177	8.16013927787129	9.06712732184932	8.42223659501677
FYN	7.72438120545826	8.26705674589617	7.99281155983511	8.60745174472761	8.1100848512774	8.63171400331347	8.44274817051364	8.78457852814772	8.09559966025281	8.68371813225948	8.54786940352578	9.08859948784913	7.76342098433927	8.50357805443922	8.31800973395624	8.72210526112524
HSPA5	8.18601301661639	8.00018381602195	8.77300650797543	8.51091796097971	8.80680534208082	8.15034523677534	7.95027274836768	8.51120259375652	8.45174046304022	7.85261872075341	7.64497712357957	7.92374351632135	8.37265811722115	8.07254223697375	7.91772271304899	7.83498795548926
CTSW	7.01227228268951	7.5246934382423	6.79660344297638	8.61348151134593	8.776343589079	8.83890866865184	8.26651326254812	8.99057983840531	8.45541349238845	8.26837893444732	7.78713211324445	8.44414176720869	7.6398703621175	8.26252573048616	6.98555967375579	8.06765685184914
BTG1	7.92576632208921	8.37173300800667	7.23946113738973	8.81460402559861	7.8417513211782	8.60468319332795	6.76768941464489	8.7661518833641	7.94697679616454	8.68497821058966	7.32306260751973	8.69021419835628	8.26650346693488	8.36370083678287	6.98667465354237	8.48343868819075
PDCD4	8.59049825901751	8.30381777533202	7.00945132274256	8.5026246951448	7.98642277364757	8.03483067544597	7.14987678596387	8.0565096922073	8.51103807190295	8.55564697187931	7.54207005265851	8.50823998235767	8.71793599032806	8.11380872681261	7.71925545561921	8.43357593671976
CST7	6.83952808608389	8.27917583594439	7.45270227222892	8.08284872152373	7.86796160252309	8.66351091851567	7.86112874897173	8.90230176565581	7.25849239832724	8.05259503130758	8.14003052561	8.29394859162842	7.03901489880034	8.44467940584917	7.12878904473595	8.08626788193936
LITAF	6.80198867878398	7.9658530348713	7.79897450625791	8.29089516319653	7.44621973124519	8.48104218212652	8.17896831676499	8.43475439176441	7.11523594891969	8.10329347955944	8.5443531164155	8.42025036072994	7.10834260133548	7.95453769352404	7.9551131737728	7.92387640654959
AOAH	6.85735689957392	7.81478883968519	6.04994878207747	7.86212016315851	7.87253120870486	8.4330537038175	7.40512478799435	8.59577780787702	7.6465503182719	8.00913302171151	7.14530121268407	8.33826236586792	7.72487950991474	8.30286170276217	7.10249301817291	8.18184826950804
CXCR4	8.21305150882454	7.16404757232296	7.96632460415118	5.45661552923756	7.87890443847963	7.4882033551061	7.10647609886506	7.28869671670986	7.68307882660233	7.09315287809434	7.32203619187848	7.41536016123067	7.96140110680011	7.54564794181317	6.85195708652533	7.41503727884564
KLRD1	6.26301641678592	7.77585537629183	5.01752096426506	8.0701604270649	7.31371382186995	7.70435090119452	6.45352714694693	7.76485994537573	7.33204522101999	7.95524868882658	6.77635574263823	8.70907546243721	7.32520977689676	7.67568127074815	6.70362301598708	7.78550316744248
MAPK1	7.77076886995124	7.67084020802916	6.59913327755652	6.77989304052177	7.9823062515606	7.77575522090284	6.81726839054164	7.34168073451343	7.85917361472613	7.78992176340072	6.75293525089245	7.32964403914392	7.86788683695545	7.63029268160455	7.16252918587339	7.11622870512732
IRF1	7.3251112012008	7.67828950393048	6.05239782874311	7.17838008066046	7.72658116216216	7.85137033590524	6.49048027272359	7.74928505142139	7.6633001411531	7.66321847482634	6.44646814552033	7.50488338054066	7.57579866653251	7.86855483951926	6.42932138212116	7.37259383127367
GZMK	5.47611913895666	7.2613740535827	3.48910464001322	4.21592173142832	7.88049335651136	8.82833785758982	6.73077712127784	8.82100893499917	6.64279275426831	7.68137050362951	6.04879306233124	7.97392483840111	6.63976784332585	7.49206945541476	5.87697092275698	6.94650668554767
SH2D2A	6.21213407659605	6.71495771714796	8.4387678040181	6.82049380874112	6.6974681779841	6.96262003709354	8.06033467576126	7.03924483824477	6.5877741376107	6.5985797916096	8.33312573227853	6.8072759693239	6.21954590231458	6.96666945550816	7.5138691969069	6.69294166454262
SH2D1A	6.70685833462785	6.87941778756636	6.90559523923824	7.01500774482071	7.09868484567359	7.42538847484448	7.52573893889724	7.52506872990882	6.85367645782313	7.19975910142443	7.23963842571951	7.48439430667944	6.94436300897634	7.06353470048178	7.27558934018007	7.15020265678735
PIK3R1	7.25804341254331	6.91614911567611	6.38590189833835	7.1387925918283	7.11304472157729	7.11489123801852	6.88237532686731	7.37113215941919	7.10161693704382	7.16972811184899	7.33557729069157	7.53064740793861	7.25557166333792	6.63839414335726	6.82003666914305	7.21303872523744
HCST	6.52498035407271	7.2760576532493	6.05117382508256	7.32629480988474	6.99269384485563	7.4250441848472	6.52119430325975	7.45067325592474	6.83031808395238	7.19875127198943	6.3575995110478	7.28057835613756	6.80506567942064	7.64117237319519	6.3238715138046	7.29685418533321
TUBA4A	6.96398907030455	7.00321537931965	7.37786799014629	6.36153357961582	7.30122671508381	7.31989850992997	7.0987291584905	6.76562414207049	7.00711137337852	6.79808827805083	6.87483525734609	6.54550706342447	6.82786138358254	7.2406916461238	7.1285870319349	6.53069376123306
APMAP	6.72097533973102	7.26548124796427	6.49194974877188	6.72362046929788	7.14380197889577	7.43465338251657	6.77637808743777	7.59612903202873	6.65354910252381	6.93510928109087	6.57524250917998	7.07182078467834	6.74806492125825	7.40556157559176	6.40517447594211	7.03922612542984
PDE4A	6.7649955680605	7.01990099816449	7.04000655797285	6.92994492450376	6.99814065040374	6.94495814782906	6.92680682863035	6.85853341895734	6.5917486123614	6.66064961662282	6.57653418013418	6.48628857499685	6.81218948504094	7.2416848188398	6.74558963170221	6.86042252627056
HLA-DQA1	4.19702684355024	4.56023891812282	4.96562619508386	2.3445552569877	7.88728325360305	7.46812456913819	7.82985146011466	6.06927205057287	6.70215453663576	6.41724061737989	7.1878982409154	5.86169225726796	6.92877354236534	7.06420853562118	6.72248520606403	4.95919745568953
EOMES	6.13227884549084	6.37462092448873	2.90234145756665	4.17475733464438	7.42568912127772	7.80515618483265	6.91540946506277	7.69172200511428	6.0435490694911	6.54367564186622	5.51331030269171	6.83595102226935	6.23068498647661	6.93091076488561	5.54346374731714	6.36077043593976
ABCB1	6.29382271164292	6.58604783380017	3.97038850707629	6.6476183982616	6.41533301860155	6.8269110710931	5.41962246876413	6.69852957000449	6.72009132518956	7.22769622210661	5.55496950517551	7.25015564067497	6.53433600001855	6.53557016117603	5.45471613665987	6.86372449463989
LPCAT1	6.12022473467098	6.61549604466315	6.16870593265391	5.95350917418542	6.55492402868928	7.1183025230107	6.27032327335996	6.7479410042713	6.05091677224939	6.59206985494279	6.15520895870583	6.4350124980501	5.81571084389549	6.57645002100321	5.96287371848948	6.02995785925877
REL	6.74880157682334	6.04314739370559	6.96247823745647	5.96512477790363	6.38302987851997	6.15544838770616	6.407489812532	5.99506868172601	6.35718108045274	6.4438550102983	6.9290981295061	6.27509299663645	6.73866709118637	5.75053040587658	5.97775349321387	5.93635976395677
OFD1	6.17252544904391	6.20234158181499	5.33367060670074	6.17015389590489	6.14694125621948	6.22394495428036	5.26656889026718	6.12730700829077	6.47336368938102	6.72191368126097	5.57233835053269	6.50584765128679	6.51016090065871	5.94794280082943	5.59759490540122	5.89069161349132
ZFP36	5.70964128726457	6.58874992123383	5.49840279814909	6.23124188405422	6.10250737032876	6.73407436499891	5.04827486947809	6.63825283270737	5.7424937114043	6.60999674076176	5.36970253108508	6.40722389829461	5.69891855162893	6.51238498601551	4.63055327515448	6.07670977327013
PITPNC1	6.14756258494026	5.75912582890945	5.2256969794048	5.51068723154411	6.1344392466765	6.22236074868159	5.00502014135674	6.29749844249941	6.28180335578944	6.41724061737989	5.66510972192021	6.49131735577624	6.47741397027209	6.25306974092297	5.6875590906937	6.23764668736079
DUSP2	4.38123693907936	5.74050064494019	5.96454002560217	6.22873007378971	5.18293713059116	6.12482475754888	6.54110698379748	6.24163216647655	4.53252303446645	5.42843959400474	6.31386680083089	6.18485302139882	4.39862855275674	6.42694858134388	5.64356092441601	6.42252734275823
ERGIC1	5.70706463120556	6.03014206583565	5.98946280192497	6.20762648874602	5.54597699844064	5.82578916207063	5.43300599449924	6.07062755208211	5.52468693699493	5.77323671060246	5.6232244221857	5.81359239743835	5.77634361719879	5.97733679056652	5.78357613889207	6.12887162807412
KLRC2	4.87350952160738	5.91243522348656	4.99901930390804	7.89892224029557	4.41153217266244	4.65762156671479	4.4554389568993	5.69983745330842	5.10773146168337	5.72434927532876	4.96530968969217	6.54989580355069	5.04355762574297	5.45550103340646	5.11627286150167	6.88012191824632
MATK	5.57056912098361	6.02502093908943	3.73861451025252	5.63477064078381	6.10833076056909	6.12397653670715	4.3408295659971	6.2464378475232	5.71890039539139	6.00652183056714	4.07571207613728	5.7870697227803	6.23114725374449	6.87849408547982	4.22465584517934	6.13571654381017
IDI1	5.47914264396677	5.0106603530616	6.37355027926258	5.23924576098557	5.69065966986167	5.39285265314329	6.32267163110968	5.62492918940589	5.51710732641127	5.10391891571512	6.13547960477654	5.34002091765485	5.85583200487959	5.18677967456514	6.34940597381457	5.39389858638714
XCL1	5.2065079162582	3.91415747913903	7.35804190149918	4.44236941763517	4.73731697619531	2.63409169614499	6.27032327335996	4.15117811231853	4.43614113209833	2.45032324448431	6.20672379594284	2.89992374862843	5.60716364262514	4.83748215005617	6.43030512683184	5.331671585859
VPS37B	5.10349144005383	5.57982620508987	4.60540707342668	5.52098886091283	5.31570841222521	5.64780170930812	4.92960121616248	5.58375069208349	5.03422980385129	5.59779611506737	4.91446124063291	5.26939170043469	5.16272193732531	5.82557548471682	4.56995150962321	5.4995604309753
PLCG2	4.97659192957069	5.46938038343569	5.6505551588676	5.02916687039987	5.63042033394743	5.79734203534425	5.65654531581404	5.02216629284363	4.80569869560296	5.0070685506405	5.18558471240316	4.81961496017417	4.38373670143062	5.09831414680281	5.10727950436912	4.65822090949109
KLRC3	4.37475756406384	4.71382522373064	4.31577861037581	6.74516381129288	5.13809745343515	5.15946775951811	4.72502913247913	6.06881993357138	4.24013761981236	4.61976177333642	4.13769461345284	5.34103421188191	4.50337732649328	4.02688817348651	4.55319113901684	6.07670977327013
GZMM	5.09563274785206	5.43289601343924	3.9495175022132	4.94189580693584	5.36193933222839	5.6197953965172	4.31648434995937	5.4929801821764	5.0542691132033	5.38745240780583	4.42645234391372	4.97912014042274	4.71382104049356	5.51520091738574	3.30994063991564	4.8446664971935
FCGR3A	2.63805129503527	5.06822086698938	1.3246510182839	3.83936460403461	4.74331726976624	6.41878045536652	3.97234081588853	7.07862676271525	3.78992619684797	4.75617651700201	2.48227059146404	5.33596060872103	3.29704289662897	5.7291614412623	2.56554838296467	4.0909222222168
KLRG1	3.70249242832385	5.73354094829797	1.86012174171678	2.97181005407153	5.42489283844433	6.16166120311472	3.72060724827391	5.73160372899765	3.70974057542188	5.01281428954193	3.08606317001974	4.65825493440346	5.16562686671934	6.16409316553252	4.29546978699551	4.83011109876336
TRAT1	4.8291742819802	4.76659914997561	3.81752311357347	3.67195887147959	5.62447246463924	5.61436990438773	4.67746741922952	4.88096621742515	5.2015097686488	5.23062026038334	4.82309998120609	4.68882276825564	5.17334486998766	4.88402265116275	4.61333168793676	3.65573245781267
XCL2	3.15158542449158	2.81724224804457	6.66968868631287	3.83936460403461	4.43272800225369	3.14623660091604	6.43535462272771	3.53903458598293	3.25003673423649	1.70406638175342	5.79136458489668	2.74318656763983	4.42472925403931	4.03424360127404	5.60980346079898	4.24235440314343
IFRD1	4.74877642087459	4.52842278647874	5.00998075930543	4.85444502986181	4.87485452327381	4.74737904726242	4.82282706906437	5.09502321342414	4.68777152608094	4.86563897598686	4.96924873859811	4.94753471717892	4.86444600828081	4.33750332128845	4.60986256326599	4.66075409009787
IKZF2	4.95395063633901	4.90559798518426	4.22895329244389	5.25989511278064	3.31629862740118	3.09521622913969	3.29457194456759	4.90040739717255	3.42548134847806	3.69022565001289	3.77029264607886	4.38322531017228	5.7475516035192	4.45588620037179	5.74033792371534	6.0941512668623
CRTAM	4.12163770386169	2.95286193164819	4.92432838003896	3.44264228451783	5.05771570261453	4.17322448224705	5.85900175004169	4.27863289096708	4.51131532097817	3.84768301217487	6.07339975218301	3.87140445744413	4.56040761216858	4.14540228422858	5.11790201116844	3.58813909839923
SKAP2	2.47193569476055	2.40559259656331	3.24261075858439	2.27484285859886	4.78754122377732	4.64466874851283	4.97696960710197	4.51868373192118	4.96125702897901	5.27528481641427	5.01188296756136	5.01130244475836	4.95342169738672	4.66460613382969	5.17692262835795	4.80628383830023
IFNGR1	4.94850707237524	4.69818119849282	4.78106462410126	3.47973242390296	4.99790635952404	4.4073542737491	3.55420918450771	4.53579654693793	5.10166288288896	5.02651141211546	4.2390547251237	4.49487337634281	5.23549046192116	4.54096581773902	3.87181760078205	4.07201471946052
PIK3AP1	3.34960259987861	4.58364885928895	3.10153025800145	4.17475733464438	4.39891700338158	4.61116341357638	3.43688175108752	4.86751178561015	4.71982104892019	4.98268339986284	4.00839657774912	5.31651653284742	4.1118304416518	5.77488435469326	3.76149706511074	4.75504633269062
CMC1	3.22546473544867	3.06799538194543	3.54118401398616	2.99957878582739	5.05530602487494	5.57580918829686	4.31214516274465	5.66077095859549	3.68018128197153	4.36152343793296	4.10941779907407	4.14177614514345	3.62994258413412	3.27144603289087	3.90616446670339	3.83689060776698
DTHD1	1.5057750968637	3.38821204928492	2.30557748244557	2.54630573842766	3.91228675633013	4.64466874851283	5.06556381235019	4.98909668535605	2.9091400564946	3.93500220685816	5.13738577025905	4.74042192622786	2.15774848870182	4.60039837051078	4.18479570954136	3.61972999018103
ZNF331	4.25285870053953	4.1224351294967	4.97770258686311	3.85247635277599	4.1521673328232	4.00467167473729	4.45149875152112	3.9751492185518	3.56727953590595	3.483973102183	4.98100176384492	3.21494030015882	3.48862293742186	3.28384139530801	3.4223222736771	3.24072774738991
FAM177A1	3.88454318697048	3.89432399231476	4.25470343881201	3.50762823208331	4.18339808249876	4.09574092037278	4.09359652018717	3.8290267224684	4.0990188949819	3.98963383265824	4.17682783239716	4.03060847417593	4.24962400568837	3.79108707493211	3.97789088193595	3.85691171542804
YES1	3.83111596624653	2.98603619666594	5.10976802296526	3.89534103336642	3.48095848156126	2.82989276324825	4.28287885212563	3.07123284293415	3.78992619684797	3.51020765796188	4.43976205267741	3.63078763241278	4.09770428555333	3.18487037559328	3.90804885972535	3.45728455995168
CD300A	4.2279115183935	4.57433041653963	2.7335504586722	3.47125740454532	3.3533861388917	2.69475789997572	0.874882053486298	2.86588010854367	4.36361154255489	4.19158705473976	1.90194880069746	3.75458641574614	5.20569341061035	4.88808783608032	1.84316049323146	3.4426389357552
FCRL6	3.58672194807528	4.45077160118159	-1.98049533912822	1.15429393989826	4.83232751521208	4.40036579154827	-0.743665328089203	4.44673610946492	4.10104830546732	4.30270100451265	-0.866499835556298	4.75265772677267	3.84332791409944	3.78237725832098	-0.76155199033707	3.16066164088473
RAB9A	3.26103244320443	3.12015733863945	4.04279038233302	3.37761690269718	3.59595192897267	3.81589138161584	3.79297612784922	3.85862249253921	3.32140228472831	3.41274783840971	4.3639937238203	3.66355766431252	3.49171280946383	3.2526509875801	3.9724983092189	3.58280603589648
CHPT1	2.93966626956714	2.92869011968824	4.13348505972735	3.6166753585627	2.63224613394056	2.46219744224188	3.48136104366805	3.06761685755273	3.16334958738153	3.37041110729951	4.17455502897207	3.45474569697099	3.45101889145712	2.66542045333744	3.94155370772794	3.37328535224257
PLAC8	4.52275484768624	2.39856984753882	4.31441886883641	4.16952820771023	1.72664069107228	2.36216190248292	1.94425178916352	1.89260157766337	2.81831254899237	2.3738064573872	2.86710467498028	1.997064121781	4.27674615329467	2.30698922881593	4.22011240703124	2.56137945009273
NR4A2	1.91594194923498	1.96685051181486	4.41680789688892	2.0730682319551	2.678908264797	2.44055906009297	4.16751769638657	3.08560682882664	2.51159199602991	1.58569731324497	5.28900783203654	2.61501489118891	1.9666711230715	2.92880023597367	2.93436394002845	3.28409137286472
LYN	1.56389058658128	2.77989671763584	2.41112059290173	5.00000459363414	2.42388806741378	2.62931766769196	2.83983465964288	3.08560682882664	1.74956608138629	1.86518949725875	1.98729943602	3.19266003759296	2.14210182659834	3.18817126674144	3.05151802297234	4.65186842968232
FGR	0.701144526306895	2.81724224804457	-0.228106192089605	-0.304002741778809	4.12943834416276	5.55770657400183	2.30025648856284	3.85233145287523	0.542871689996182	3.04664642790933	0.397453146139126	1.62348271828643	2.42672172267574	3.79108707493211	0.47847617309375	1.41324312654521
GCSAM	2.02754179985062	2.01356428891231	4.19536700397165	2.0805167687558	2.21523344971907	3.25250790067417	3.51950005834567	2.72148021472507	1.27606975828856	2.4021025139735	4.2584993772727	2.4062600437034	2.50220319914516	1.56012117006664	3.85628585639053	2.66595366374039
FCRL3	1.72538630522925	2.60179561014691	1.1031712371199	0.239123612859251	1.18396547786651	1.12973561308395	0.794211456576632	3.01601772855381	-0.00211435106258579	-0.0765629898023318	0.937391091224889	1.86803874442165	3.54325273664489	4.8258735137936	2.96365065737588	4.35613434173225
TRIO	2.65953316336204	1.90872104964956	2.8950827251762	3.66206361514715	1.20730555622914	0.595892886203744	2.55651535726864	0.912711948885023	1.6532749422869	2.17497324400112	3.35049584413645	1.72633062261565	2.37411345189135	1.70542074308857	3.95072416320431	3.62233160365157
MAFF	1.71516452415413	1.69606981793787	4.05424031357605	2.13875985378055	1.98478514045239	1.87373223551889	2.69181952706489	1.78220922307839	2.44284762166883	2.01011221211683	4.28191457472314	2.25964038804945	1.62779083132003	1.60032076504384	1.57555221997753	1.27458383085825
TNFSF9	0.548312285732698	1.53887932871606	3.4987145238567	1.37630550547258	2.05722264463909	2.2169823779195	3.12021998738244	2.6651686011827	1.87820391973886	1.90528101245596	3.30550570648788	2.48903748242729	1.52295787606586	2.04827526939036	2.10868507201363	2.09863349184048
DUSP1	1.71516452415413	2.45381732862854	3.83469810075284	2.18094922572958	1.60010100844381	2.01219188642455	1.14589123544176	2.82790972894872	1.57366955954629	2.47050588297914	1.98729943602	2.25964038804945	1.74636633834534	2.45682723742634	1.22271098678889	2.43092939763552
TUBB4A	2.06826641649058	2.37013192280659	2.52835552999298	2.18094922572958	1.72664069107228	2.36216190248292	2.70069925800154	2.11910222977276	2.03078080661439	2.33029376380457	2.74375477076351	2.88332606072124	0.98793156625398	1.03779268943037	2.05527106567451	1.51754731004859
PTGDR	2.77720663349643	1.89880094952131	-1.45020722060635	-2.03681452243234	3.73894605796682	2.77475610247867	0.373311040011094	2.43756440421512	2.35714143315738	2.30803517169285	-0.723998914095117	1.56917187899991	3.01724613758703	1.69617636878141	0.351288075053878	1.01429550601653
PDLIM1	0.453113006775088	1.05820750921776	-0.196746721546784	-2.48714530379596	2.45347005158912	4.16004453235148	0.726261158435719	1.37736451612395	0.542871689996182	1.64609548826742	-0.657701182782874	0.51657595366925	1.08932039467531	2.09825919254802	0.235999385584416	-0.100465826435237
KIR3DL2	-0.148678378855958	0.624824235833103	-0.166054426794573	-0.304002741778809	3.51642901836409	1.41136147100523	1.65547973702564	0.608719135733645	0.804337488884747	-0.531860061002969	1.66346571974473	0.77833158887878	1.66110805411211	1.20354410966503	1.8032166820208	1.88126296571185
CD160	1.20340178133816	1.11071817375441	2.50470479655529	-0.985442488386216	1.59125695643898	1.36616652594079	1.44965012261193	1.56345580827653	0.365143385816742	-0.198727680045536	2.09697596554482	1.26192963240113	0.654628430859339	-0.173663659321476	1.41520147016858	0.615221003455146
S1PR5	-0.0758728723265522	1.40511664236616	-0.954398064024975	-2.48714530379596	2.32599758498429	3.333987148095	1.06567792604521	2.12607255165236	-0.545953522383653	1.25433046743934	-0.4193340541436	0.396948454936075	0.69807911372095	1.27978570578791	-1.20723275652212	-0.58536108320718
IRF8	0.324536892682744	-1.38008957987549	4.05911974492717	1.0966872395097	-0.274332019047015	-1.5461341591633	0.500798876396012	-1.81828551986523	-0.59768010457	-1.83125754858704	0.937391091224889	-1.51823400334477	-0.272032787709135	-1.29515661151875	2.0138713645907	-1.6827724316084
PDGFD	0.839326088898903	1.97631505682498	-2.09146774182028	-1.18531537826948	2.10149481921283	2.43509837134259	0.208769209778377	1.63361173480611	-0.496017536910801	0.981795151294369	-1.30001066921565	-0.313912044255326	1.66110805411211	2.1052604567992	-0.624493361956524	0.965953408210932
TYROBP	-0.797773509845415	0.418121774534408	-1.78128155161366	0.184869155840581	-0.180468221489431	-0.00188162272151915	-1.33002129356194	0.484051568662856	-1.74191258194296	-0.428579948775041	-1.92264499003852	-0.724410664204451	1.0563095349606	3.22077132875249	-1.27402964524918	1.22066454543557
NCR1	-0.186506952173887	0.302487294938086	-1.00782367804486	0.749520346165927	-0.409811489141335	0.796598246383418	-0.950544820607658	0.299066245407286	-0.82540351989927	-0.895203534606387	-1.02463446172614	-0.036212854791905	0.916150808401994	1.59037539007375	0.25980595151665	1.33926704429115
LGR6	-0.797773509845415	0.740427228718455	-1.69112261655413	-2.1718855373074	1.19568271632607	1.74724459219835	-1.12784200327676	1.9721190097699	-1.02339936381194	0.268992384213539	-1.11071561658168	0.19656389196689	-1.02555250654254	-0.909218073194542	-1.75666717485406	-1.7893815004238
KIR3DL1	-2.00928594173043	-0.699558674854063	-1.69112261655413	-1.04903897112055	0.237394744054032	-0.533096350366695	0.158091725879683	0.568348534483481	-0.545953522383653	-1.11817627380847	0.653899672597843	0.365424744700899	1.19924998588365	-0.0134219313053486	0.820144753864634	0.735450487535836
VIPR2	1.43279782279936	0.550737591173592	0.0584756521392744	-1.11556869556567	-1.07459538987134	-1.04101479954237	-1.33002129356194	0.975806344393006	-1.99580855535845	-0.895203534606387	-1.51794845651222	-1.11107449540625	0.0960133896506016	0.654424183207797	-0.714404125953991	-1.90450164230973
KIR2DL3	-1.05333402152594	0.784193657378552	-0.260162489719325	-0.512312070300894	0.346532701083152	-1.10321801111763	0.0510618296660484	0.0868239762580907	-1.33838013096153	-1.70517172729765	-1.02463446172614	-1.02500636454447	-0.653762250779343	-0.279113010219198	-0.146583580505813	-0.244715829833136
