	HD276_Trest	HD276_Ttumor	HD276_Teff	HD276_Tex	HD280_Trest	HD280_Ttumor	HD280_Teff	HD280_Tex	HD286_Trest	HD286_Ttumor	HD286_Teff	HD286_Tex	HD287_Trest	HD287_Ttumor	HD287_Teff	HD287_Tex
ACTB	12.11493962613	12.1032040930685	12.5824697613896	11.831547342187	12.1441656570895	12.1503032377305	12.624168405797	11.9670011105864	12.1283451472616	11.8859979652434	12.4437083308846	12.0989985883217	11.9286867584762	12.232575210142	12.7704012944294	12.3145120831542
GAPDH	10.2407643814711	10.3629712291	12.6651163942256	10.3947108631925	10.2681111069537	10.4451144865291	11.8060999631901	10.0964713675463	10.359357594202	10.2161116913143	12.31090569613	10.7512331406558	9.94995958507482	10.6548638333053	12.0268999686414	10.9807184118352
ACTG1	10.7640352669573	10.962294138821	11.4395617650236	10.849056613446	10.8002114969441	11.0495085598472	11.4064809007135	11.0268864932644	10.7091584192074	10.7161970749239	11.1560694964882	11.1333576513146	10.4811555673904	11.1766442558718	11.5316101411437	11.5961031878647
ENO1	9.73196916348035	9.28769809517574	12.3100854045987	9.05829180679342	9.67944395768741	9.02209963206745	11.1415051475094	8.77317621073576	9.84969302948062	9.10719625176443	11.5990299390842	8.92987953141754	9.44176728894616	9.47773912587602	11.2868061948434	9.04365372135539
PFN1	10.0847617351994	10.2321519324755	10.6511491916406	9.88195240433065	10.2486668734151	10.3549347472317	10.4467983611131	10.1248037610694	10.0944802085908	9.97639598791904	10.2885085633406	9.99122100461956	9.95783631436272	10.370488718889	10.535463843801	10.1759910013566
RPLP0	9.44022647412317	9.4300478101936	10.8737880322457	9.10885245428887	9.12238508843998	9.46632333215287	10.6590352838589	9.51055864940547	9.25341598631864	9.19459610095417	10.762189015621	9.89622585798189	8.97233598496046	9.38531675992217	10.6155779734706	9.96944450613944
TMSB10	9.41568030654312	9.94198288294714	10.4919759971691	9.85495908402544	9.49601163618986	9.90169450245103	10.0946927937919	9.73220491162012	9.48784365778333	9.76486644051014	10.0418752260609	9.71351938837428	9.3682301898587	10.0924510669783	10.2365046132308	9.86964662644695
TUBB	9.83608758403977	9.45141360119522	10.7200024504534	8.47674949556921	9.68977318229977	9.54930197453536	10.5726608947236	8.28408089269969	9.86518711167159	8.76077273130239	10.295519542782	9.41356708457407	9.27008387486258	9.58680664344194	10.8871097845615	9.76915758842579
MKI67	9.33051384261571	9.15581952018758	10.2803299574301	7.04005604596892	9.12664730960878	8.96628690025364	10.1386738184308	7.28947303983991	9.36803149337607	8.26429025636885	10.3404372091323	9.02302962160043	8.59546333750041	9.09180578738834	10.2891928730297	9.27629476996484
TUBA1B	9.25628647588074	8.78766863693292	9.94340210847003	6.86995759174173	9.21327271149191	8.86725266975966	10.0103252453528	7.14725619027606	9.36026848933673	7.86759887203373	9.63881820070263	8.63272493469514	8.59276795506839	8.9290199769432	10.296943974056	8.87705365349746
LDHB	9.03306437100916	8.95938505624342	9.89586776014708	8.96107488389361	8.6994705468147	8.88093615580359	9.54601958876592	9.10937440334575	8.75987816926072	8.8499771592208	9.594292475102	9.0009210739735	8.87615600051295	8.79376856214108	9.77538864267235	9.1045814827061
COTL1	8.70742892405369	8.77949801378186	9.72265586370931	8.66501972561697	8.86311192271073	9.05111428675998	9.57739456911234	8.72399021042808	9.10141538776306	9.22213651253716	9.83397754385404	9.11727175100195	8.61135318223486	9.00134700938437	9.73992367906684	9.00666902767676
TOP2A	8.09471155616992	7.52570098680539	8.85116041255848	5.77737123793174	7.7415215810726	7.69624201276214	8.71121753331548	6.08142595801231	8.07419447498618	6.86091677750602	8.85512051173197	8.13200210302069	7.38230608370574	7.33732914359253	9.15117238774092	8.28940078720772
PPIA	7.72214981591558	7.58702655989298	8.50590147591623	7.39175096870161	7.60471267599012	7.57020130821776	8.33655127297902	7.46809278565608	7.57022957912308	7.33959740839225	8.16041615368181	7.67002162600877	7.48355540060192	7.62360336419277	8.47894893460369	7.79389344351324
MCM7	7.60818235032492	7.4656479856049	8.73419036430267	6.75275974558009	7.49252325808638	7.40842088964738	8.87743835079982	6.8527673249434	7.42509531046508	6.83844418497649	8.57159871759006	6.96840550439676	7.05868148399658	7.59171015158501	8.80953340183788	7.28335573841993
STMN1	7.69753627308969	7.37284559954431	8.29027494065862	5.84015114780541	7.45660478098021	7.48275497785461	8.48785147474597	5.8796897044135	7.85000158051853	6.65110248234804	8.43348255054544	7.67545455164869	7.05137061666599	7.43086168267122	8.7705126894995	7.93647525273831
CENPF	7.46797721183988	7.20663713691864	8.03066899067166	5.60989254944715	7.03916229137838	7.09511825788815	8.22220073660909	5.63961649146319	7.38005173753673	6.49442315751738	8.10480429875312	7.49763166820322	6.69375889574685	6.98172738656796	8.45433619852778	7.79461446379701
PHF19	7.35071763213677	7.36678614011076	7.58799176502358	7.44987961093592	6.93181908028303	6.82795316143705	7.42836484454198	6.63703343317548	7.13567391089227	6.8293562087948	7.39852117940887	7.16574504896162	6.84487588733865	7.16836925850872	7.75411317417392	7.44492226434001
RRM2	7.04961559519179	6.29365616020816	8.41350918588441	3.88261482232062	7.06034576508208	6.58425288607963	8.3603003231086	4.02634241098901	7.30038144901475	5.61451924027975	8.3889631768468	6.36101859035594	6.44111199471663	6.52744880025567	8.32093006239996	6.53484238134839
HMGN2	7.46740638549786	7.13819321668302	7.07756296657398	6.46439805820689	7.27988500286625	7.11808955384615	7.21988066333806	6.58486505597583	7.52465266798496	6.85708910911388	7.0842571871824	7.17116789770657	7.07782659320566	7.00226662814023	7.55939201228697	7.40203745803273
NME2	6.69682865906736	6.57363057458101	8.13900662593286	6.49154177721547	6.61724082198909	6.6514273940341	7.8836013905837	6.58581337036689	6.57213163732105	6.33110262182991	7.9021763506483	6.61668594437214	6.56362909372883	6.72275612209789	7.99909262640094	6.8947219241719
TPX2	6.82979035753661	6.70822843948143	7.86930302492084	4.79343116331415	6.7702883591263	6.81644855726626	7.7317328968465	5.38598602509632	6.9692834375515	5.95014446050905	7.91193038052543	6.83559158561772	6.25861568432941	6.69923447098462	8.00130092894144	6.99197750958675
TYMS	6.72480157807306	5.77683675676574	8.27497737757973	3.58035891950103	6.55833155105285	6.04954488695128	8.10313722443057	3.70882111687694	6.99297357176011	5.0253749390433	8.17754157706735	6.07525528801704	6.05121645821887	6.08484598466002	8.213314941064	6.35256782059392
MCM4	6.7862069006245	5.70037298228319	8.34407411596953	4.50598508087605	6.1804970544437	5.31917436900577	7.97678738937211	3.89580330143042	6.92185175047315	5.19770448750441	8.26171881257446	5.79891781538586	6.18464878176951	6.05713162008976	8.41735581199924	6.10209477131512
ASPM	7.23743357576321	6.29081428033784	7.01929123885677	4.73445195836697	6.65804445039101	6.7558661021906	7.34444700304453	5.43522279134283	7.18314412462932	6.2321236348958	7.38899560762033	7.40691735302254	6.48247072525068	5.89741343440048	7.5994464486259	7.17211956645435
NUSAP1	6.65265407671994	6.52286436567269	7.43810516872198	4.91714894671821	6.56229684830205	6.64197809585349	7.38581209586275	5.30844628494826	6.82633687606836	5.97095478564166	7.54295132130369	6.87004655631841	6.14790761410152	6.4874820495946	7.55142678303705	6.90357195537867
PAICS	6.07597646684353	4.70673532562928	8.72193512576586	5.45159792522213	5.90075445932004	4.61358262912088	7.76147763718543	4.5655845571123	5.896484961846	4.64957213941681	7.89942648171728	4.91115441933021	5.73130421549623	4.81630556599926	7.99776602055648	5.29463688619039
MCM2	6.19016116631361	5.28840950481084	8.14303368892406	4.2057402211003	5.97445018357493	5.13441594630616	8.21088234455511	3.56491427532059	6.2386721982667	4.50703662944794	8.02189678020762	5.02901582284044	5.39334208594688	5.67490021715131	8.02048073617367	5.67646224388043
PRDX3	6.23332973819901	5.63763507175494	7.46501005345105	5.60924897436351	6.14694125621948	5.71186284948389	7.4081774148788	5.63717896788879	6.24740220360862	5.7067332974796	7.51560300269305	6.03699946632069	6.13512034522103	5.67313441734044	7.47626057544591	5.95969194300318
SMC2	6.12070883780263	5.48189348621455	7.19286280047956	4.42784340595169	6.05223728882699	5.58076329709927	7.02463953973793	4.74495328742942	6.34866554580274	5.32416415787324	7.341161008605	5.92252585498923	5.99842730943718	5.5119116912939	7.43780831999624	5.9947507557155
KIFC1	6.13323883746992	6.17486018689414	6.88100521840806	3.82169482098265	6.23047960867475	6.36271829979554	7.16479382474481	4.33987200104812	6.22710427072436	5.12847239560482	7.00556950550744	5.97111349462293	5.32396069626577	6.31174966361997	7.07487026109616	6.37472446224811
KIF2C	5.68628401789728	5.90749645280849	7.34128163897542	3.63449641569579	5.53966981535386	5.73870761615104	6.993814137669	4.09189124250685	5.74314360514347	4.77116994753166	7.14501103502311	5.78781308605501	4.9308334405798	5.77872122076949	7.09299899212374	6.13298247339216
FEN1	5.83529874211911	5.18914057213052	7.05290611859888	3.66206361514715	5.9633545314617	5.22896206547026	7.33930303084337	3.71807694815617	6.00829963253276	4.29517665822035	6.97455139819541	4.75113391484581	5.38920570531686	5.55217745005108	7.3544068902276	5.14707055276838
CDC20	5.49491291538857	5.52686810120772	6.97759076602029	3.34397106604536	5.34625505707801	5.72646573706323	7.07715477294888	3.88557104819601	5.43903699834028	4.55034722524461	7.16432503229706	5.68462420056482	4.81719635614428	5.72405367186845	7.27905183818167	6.07338617905346
FOXM1	5.89084639109021	5.75912582890945	6.7816746762511	3.69640409185349	5.8455773428805	5.70563992984586	6.87086591637113	4.21140528448453	5.98486187625661	4.83612840711316	6.79200793670765	5.84678800995437	5.14123849433543	5.84713955712518	6.98645172651094	6.1206146290845
CCNB1	5.56986022864867	5.50496481071388	6.99975533986136	3.75343608799097	5.54654901377761	5.62520056160993	6.87258591397321	4.39429329133358	5.76634691352935	4.79136761442684	6.98658540582775	5.86521830790578	4.8857423389589	5.25132024978939	7.23206220647343	6.01320528626693
CCNA2	5.73199286302328	5.28935900108559	6.82050803074661	3.17682425251569	5.78336059911016	5.79787396393843	6.84356456272042	4.33687100314485	6.04407658360179	4.96500958223877	7.03874897635359	5.86732980908622	5.17430672371511	5.19500692034292	6.99777731238948	5.6851981668642
CDCA7	5.67182171052372	5.17995420973829	6.58058832557425	5.98560171174402	4.91439208281692	4.78327974564897	6.62279743441409	4.64051564100646	5.3556493430411	4.98385399158241	6.81444266784727	5.92523099282299	5.08813002741722	4.71467795421584	7.1442596948552	6.1113844173929
DLGAP5	5.5112513166818	5.0759450842696	6.8202685398115	3.3031689295961	5.47743522197245	5.63177949108443	6.74211160662552	3.97707801426457	5.77081565160777	4.76709625913024	7.04498326667874	5.90824006105984	4.76068234242832	4.89719283579124	7.02408018612961	5.77503628670012
CDCA5	5.72373121939003	5.3839547690746	6.92755139911041	2.91877714276108	5.60098352675417	5.37157040740851	6.88773132366106	3.24136760653633	5.76058097874072	4.09522491565691	6.81078866810569	5.04278249286228	4.83068060385927	5.55601515147933	6.87742733679417	5.57334736537393
PLK1	5.40953234908382	5.70251302247255	6.56208835810527	3.72044200105231	5.27969227894406	5.95731957732695	6.6242566354215	4.28643145358124	5.27884540892727	4.75754601332696	6.64503143812284	5.78260148159228	4.53217425460479	5.80529730933037	6.7835499403174	6.13435015627269
NCAPG	5.69346116586398	5.10211848452321	6.69864090392686	3.39564373433074	5.47262748914108	5.45824703375256	6.61753205648048	3.87526570444062	5.803585622625	4.65986192877404	6.65566279495321	5.70837583722568	5.04250449529395	4.9487032327845	6.89629853583846	5.7395298484325
DUT	5.52448282841739	5.06489778617292	6.82361780049522	4.24935032938001	5.26168974482476	5.05831668424476	6.60369227955716	4.3957360193596	5.56788030521163	4.94831635928428	6.74453250887916	5.27151915037344	5.27637790312757	5.06727890734452	6.78560137167721	5.23638999204438
CCNB2	5.17608846274524	5.25866081729653	6.78192065977174	3.10559878836894	5.09807617367676	5.44947147647772	6.65798726963977	3.78346258402089	5.31775841155266	4.55508022498367	6.90496634744794	5.66290817117147	4.41824821422748	5.16432886795324	6.82128714118756	5.6851981668642
HJURP	5.55058727007729	5.53088802482615	6.58566972711027	3.13451229065503	5.42489283844433	5.63535539307282	6.38631823341482	3.77461814001954	5.65057095569946	4.51353563671407	6.53106731094491	5.4063854066769	4.85727679477158	5.43132966079588	6.57015791679303	5.72689322689724
CDCA8	5.52667633024367	5.58060208450847	6.40583024353111	3.47408794637621	5.38706811713914	5.47031034961014	6.41728699866356	3.78125655103198	5.47155841452669	4.3794242324741	6.48503816058352	5.5982718909551	4.70984634704897	5.52110269226502	6.65142782506394	5.8842028135066
BIRC5	5.4408856154921	5.14890354178324	6.59129481700029	2.99957878582739	5.29543247031188	5.46897495159324	6.62775270793381	3.77017550173806	5.4565786094492	4.32319286782741	6.4549207326908	5.32984863839726	4.76579642376166	5.40461964439828	6.73235648058191	5.78261550881299
MYBL2	5.31624542800235	4.55708869409032	6.67790691684336	2.22193980884718	5.23709527952835	4.65292489538931	6.88237532686731	2.49253563497858	5.51101483516767	3.63168443474998	6.90428069900248	4.51296911547873	4.34496634034325	4.95840165213633	6.92682494145305	4.93846929882335
CDK1	5.48065202361362	4.83061492827388	6.7290660874647	3.04216336886308	5.16516814404468	5.02598999204925	6.45746182392354	3.33156984679709	5.55757210847756	4.27810200987514	6.68868831648935	5.43038660094338	4.93424430765813	4.58420301592807	6.66179567739698	5.47889455239782
DHFR	5.71285564935245	5.01296142722326	6.21571418209154	4.0437097783178	5.30898137779166	4.77465823086732	6.27664690892787	4.19492614952341	5.6190528940607	4.73825374322967	6.16210833987599	5.03904095567974	5.25653322961326	4.95356059206568	6.7626132366227	5.17834654698025
KIF15	5.49042468652685	5.0825330848715	6.33584796755515	3.09092179412188	5.20121667724004	5.34196743207313	6.38631823341482	3.59033789276816	5.53673208922616	4.28191387837361	6.43274505566746	5.40832026481914	4.64054525992226	4.94285273155387	6.5449474126642	5.52828164382329
TK1	4.90645075440775	4.65463281256752	6.72241713034037	1.99638808071732	4.88212423343168	4.76271888867747	6.78214160047897	2.20719081454456	5.05531614246748	3.69595121211721	6.81115448482286	4.38322531017228	4.26234448604687	5.29866255028188	6.71065779227506	5.02359446994328
NME1	5.0597290635353	4.29686841921882	7.10711601498333	4.30604894817006	5.05610969807016	4.11123176852657	6.44198932846302	3.83541998368269	5.08740279830821	3.90070608557052	6.45772729239717	4.10645848161851	4.65577668673715	4.51096463578452	6.74479905639543	4.09654648832741
CEP55	5.25317675313721	4.62785850868108	6.4777463309503	2.66501161022965	5.20121667724004	4.94377870458746	6.44033351032368	3.4501800919557	5.60124068353951	4.25889011269331	6.42080912234079	5.24578032393182	4.78858806634166	4.56528732206473	6.5984405943528	5.25830000572158
AURKB	5.08773101297328	5.04254612369762	6.47348835353311	3.18721114962308	5.0309852612983	5.17593051171876	6.38390825681	3.46124636337392	5.00634856993892	4.04002282406432	6.41600696099182	5.20517751667944	4.24962400568837	5.38101601347279	6.45081030994758	5.51294138485694
ZWINT	5.48967528900027	4.95190733008134	6.35680513641749	2.73747825290748	5.38579005355079	4.91366473679305	6.45287032288488	3.03465855592529	5.43903699834028	3.75473638993763	6.05745322487326	4.85125215744964	4.87276531038395	5.00031675815521	6.65704132002689	5.17923025960454
DTL	4.89630787163989	3.87421403897988	6.8183511797638	1.7755552220735	4.92674833276475	4.12146735892898	6.89234100929078	1.85952543783263	5.23885366423504	3.23931982110963	6.85899973172108	3.87979602866994	4.45353894291345	4.31804885632585	6.80797666671395	3.9530502437721
ASF1B	5.45631037778957	4.91792950303879	6.27073500300162	2.82876398414933	5.28106782900135	5.01505143269478	6.70673593752715	3.14171207262861	4.70121212458894	3.31939491000445	5.66510972192021	4.13244231642433	4.70719045475952	5.26701413328327	6.8147728185559	5.29870875877651
RANBP1	5.22193174747072	4.75839369883599	6.54971823217451	4.53338260697354	5.21135295380962	4.61479071732337	6.39523449344158	4.1579955325203	5.26171206645737	4.1895592293194	6.13079792878931	4.28555293984411	4.8632536106673	4.92812183077292	6.47580042220283	4.59340116482466
KIF20A	5.13546351003087	5.18914057213052	6.05117382508256	2.90625688716203	4.69046637560425	5.21707946861773	5.93528255585288	3.56747689307522	5.15342810498854	4.24333423869132	6.18543534092432	5.46983088874498	4.32950710969847	5.18760451364149	6.37789964941574	5.71840689911181
HMMR	5.02601349229202	4.34332514586535	6.17770755263368	2.77468849289005	4.56395891700964	4.67509915138929	6.15310349802655	3.44740020985143	5.08227555776549	4.18141930414012	6.42988942477252	5.35012197520723	4.26776197259973	3.81477143623981	6.49723898847837	5.13527886258297
UBE2C	4.79075264649318	5.04592102922892	6.24598535002764	2.77008936086317	4.91881718768145	5.15946775951811	5.88504173590289	3.39064718236868	4.89963273230592	3.8243483886048	6.05745322487326	5.10494744391567	4.13375295470633	4.89517446262218	6.13646515953703	5.41655872427991
CLSPN	5.26110299197213	4.35243963521192	6.10643006822411	1.66098697160816	5.28244206877773	4.34757125073972	6.38287417603321	2.11910222977276	5.43582457207176	3.4022795595899	6.18712747689459	4.02052436748259	4.67493242880927	4.58169520704383	6.31644149436798	4.12983927513232
GTSE1	5.23092815447684	5.23520076476847	5.52979263279528	2.87232839848488	5.09260290276161	5.12172499794498	5.81162897410625	3.25732758957643	5.2498709056878	4.11459170068137	5.79580760394581	5.09055954756468	4.40519813054767	5.19582707033556	6.00265805114042	5.55371891529775
TROAP	5.15450122451123	5.46350358480638	5.45340057300239	3.27097814622408	4.81913169577204	5.27171293720854	5.65996410410251	4.00192048427196	4.96460462578235	4.15879476476586	5.60898799454352	5.32575955876497	4.01206683839103	5.34079763887365	5.81253666785677	5.78145206317709
E2F2	5.11228159974487	5.10211848452321	4.96215714847875	3.3501471439243	5.28724162547379	5.79201193462669	5.82234800999148	3.93005993325254	5.18055098655646	4.6287697376727	5.48882289625067	4.61367113065689	4.677648318073	5.73876038702893	5.72918958574858	4.68460002856111
KIF14	5.19183917302565	4.70673532562928	5.6145473814847	2.9311896770026	4.79910886128468	4.96382710756282	5.80546786272043	3.46399971871623	5.18725277511077	4.26275301373524	5.97431122002612	5.41025253151799	4.50948778910273	4.35523138139325	6.13847302909158	5.32130127088148
CDCA3	4.93094834337774	4.85005100654381	5.69877298365706	2.56235434540761	4.7962256356123	4.83602739037449	5.64853649525287	3.27624939364901	4.96125702897901	3.68447727454666	5.6190518009403	4.87383293822894	4.05447646112878	4.77957626166847	5.84928759867009	5.04314296937304
SHCBP1	4.90420293499698	3.96733419001427	6.00387500699527	1.88169085538086	4.78947561582945	4.15507084230372	6.06987863301082	2.44872749423275	5.08124791940089	3.18335557650403	5.97431122002612	4.26220672455301	4.27136236138218	4.02688817348651	6.06521364043691	4.48465280356305
KIF4A	4.75627329482154	4.65610580411652	5.58496699001947	2.72327320199758	4.72625120001295	4.73187434639292	5.64048296709472	3.10337523066242	4.88557347858338	3.68159447484892	5.64719049206366	4.77382380324385	4.18045808815863	4.78939008802669	5.92754553838732	5.08146283005721
CDT1	3.96222881650813	3.73339877308063	6.12516406142792	1.70983403184029	3.9264200867289	3.93867149106081	6.22603332531817	1.4005450800067	3.94031967870785	2.92516301788293	6.44411138910084	3.91832395937478	2.95144058512603	4.40146804031868	5.76861565124492	4.86238155826054
CDC45	4.0704338192251	3.1244202209311	6.06093690017364	1.14010647289725	4.21828166325751	3.29834100122446	6.25571051334643	1.10842285358208	4.37707285334764	2.31549292491666	6.07948640230644	3.10471078253022	3.44146270961792	3.50112810731923	6.18195358456553	3.61451264632061
CDCA2	4.58020371805103	4.21728415352904	5.55649377226101	2.42867013173055	4.54690728587697	4.59900610837332	5.51772580442335	2.66994610180945	4.75504568088094	3.47401083308898	5.63070486271198	4.55374760160206	3.85776915875369	4.23430659652078	5.71472824703528	4.74553171302733
NUF2	4.58862709174828	3.82267748571073	5.91201652913194	2.3445552569877	4.19073537886507	4.18628511402345	5.57679680131046	3.07483978782783	4.42322226274088	3.5644207898563	5.64061882868411	4.41436659961538	3.92788349397347	3.34130730617467	5.85564826223392	4.65441277914008
MAD2L1	4.42108676725479	3.54907520524587	6.02605782993518	2.85939664234716	4.23399237050986	3.82844214916814	5.44428518176209	3.145147248759	4.54599376127624	3.58924466071247	5.86439088452955	3.96376548051989	4.14557175224945	3.5248198352617	5.58528215487046	4.05670825293526
CENPU	4.2134598776066	3.44385002720443	5.25008307493868	2.15296050462818	4.43272800225369	3.56902582680011	5.49493536163202	2.13300935856915	4.98891916045013	3.46397929273423	6.03005864640257	4.14642051153109	4.1118304416518	3.67589249469913	6.00353959717459	4.26083914003724
HMGB3	4.62046862584876	4.31749391210793	5.51743672094296	2.62482095429551	4.38619055113596	4.05003194902218	5.38354372005155	3.03835799208793	4.63552383350706	3.61968564062029	5.17652725486245	4.36938672917858	4.03130559078988	4.15555544740323	5.61096081020795	4.73715463363278
MCM10	4.39250629191948	3.41977199323494	5.91515965008161	0.840070611815647	4.31411461074566	3.0169630403273	6.02241501840253	1.03625662172661	4.5871159641709	2.2547227207334	5.76290318489228	3.01104991082376	3.75350633904546	3.5090686576422	5.97954671814447	3.41589621404459
RAD51	4.32184751933112	3.58354369965024	5.65754287273573	2.10263438418607	4.31277022581226	3.58883328180209	5.70919726834173	2.12607255165236	4.3970322041564	2.77637881842149	5.65780600886741	3.56985784571213	3.73797695035442	3.85893499654937	5.64976825326114	3.89613919476944
UHRF1	4.63409654389248	3.65894747838205	5.3457014513997	1.87313842533519	4.4754098353927	3.86138667251586	5.82742445572645	1.51116989667282	4.52649543253786	2.74358260293547	5.34465101900649	3.48806002359689	3.86731696670676	4.14879461751422	5.42738541337411	4.10028385483572
CDKN3	3.84290006234186	3.58044400867528	5.47059394210838	1.92370864908341	3.5257423706472	3.75144557085663	5.18507126075504	2.15362187425746	3.9380509108768	2.98718304751965	5.55322106417112	4.25792106777819	3.34566856407132	3.47973712442871	5.62649483074179	4.1021489136679
SPC24	4.03183178961501	4.0835538067163	4.95867974023326	1.70983403184029	3.86720599832933	4.06601869932974	5.35640683344349	1.85952543783263	4.13907442484233	3.09077580414617	5.15823994151947	3.88813907166643	3.17549213126383	4.16060535875105	5.39818680824302	4.33725554528302
GINS2	3.99428338197192	2.77989671763584	5.7322535818213	0.957991339283387	3.81498458419797	2.73974780111961	5.71523493913016	0.115125662748914	4.04733304395355	1.81345570986265	5.52316870460401	2.39849388044135	2.86353192963428	2.80526364461241	5.67100856061286	2.89837068003313
DEPDC1B	4.13703398945115	3.84867587638864	5.13771445979231	1.96453724795836	3.75090833328416	3.96732777733503	4.73262546778173	2.22027792560253	4.17612394898488	3.2818176558599	5.18219482609043	4.20101707947492	3.3727361018202	3.7335100185349	5.30900941450488	4.42629748577814
PKMYT1	4.04004480999007	3.72780618861746	5.04483603611314	1.22321101640491	4.02822459828147	3.63004230910801	5.4482451106803	1.03625662172661	3.99154022236204	2.58600907824245	5.24527884790256	3.13306773829948	3.12066164160348	4.1589240182445	5.18471635596027	3.9530502437721
SKA1	3.94702274486369	3.31922811434302	5.10427055992484	1.0966872395097	3.82444954932711	3.66545072445078	4.92771156341807	1.63361173480611	4.00893818515998	2.46380965963681	5.05081719088411	3.64398510114767	3.20214522268428	3.32340624546753	5.01674313159886	3.63269139488764
CKS1B	3.54981073743066	3.33770398836215	5.23435098227351	2.36909264556346	3.57142808900934	3.43044912572579	4.70199715158231	2.42065612363334	3.81980735913486	2.74358260293547	4.85892685341662	3.68924808842924	3.13258772934599	3.30528027351411	4.81961283484576	3.66080310221027
CENPM	3.46999201665481	3.54907520524587	4.41300133454045	1.61042790293928	3.64164325123077	3.65374421411885	5.04392006570769	2.2267772298051	3.74909684504515	2.80315074995032	4.79821937424075	3.420643864156	2.90584120231257	4.0102000533355	4.86881932944657	3.93223293575351
DIAPH3	3.45778226731603	2.97191195813199	5.5770509693761	0.652903854745339	3.21630794785054	2.78337703414545	4.78783701294665	0.991158029080148	3.47326828087753	2.30053866654366	5.0802543429501	3.38963924153486	2.61418246318901	2.50526920990756	5.02718423537898	3.30367405317607
ORC6	3.6062128597937	2.50702692766533	5.04483603611314	1.47002845726672	3.68385337270085	2.67636160952161	5.16114465681562	1.42335907135236	3.78740793696647	2.02838026337682	4.96662390135035	3.03629304175693	2.9825237200226	2.59753065201873	5.01936050026455	3.12073934683074
CENPA	3.7179323800475	3.69378761608411	4.25470343881201	1.98849105283849	3.6880072480997	3.8836073798598	4.50697191817048	2.54028022320983	3.78740793696647	2.91046398355025	4.35599278448051	3.97425275908546	3.08836817945554	3.70614061192234	4.64982574100317	4.20292181320359
SKA3	3.88454318697048	2.76359073339884	4.64055612753197	1.00572026820433	3.55104835190916	3.13953723622176	4.60718728868126	1.26818015196005	4.06615396973555	2.42296620182336	4.49545250994341	3.47704050365366	3.14048403349992	2.73478026135756	4.81359366358521	3.34521275163827
DEPDC1	3.58391591120015	2.7526167812213	4.80256122411627	1.14010647289725	2.851786215729	2.56577340036513	4.29758621770023	1.59394130558983	3.54061124441147	2.47050588297914	4.94678390556055	3.69559984493687	2.9825237200226	2.1600800476616	4.72015596725174	3.37637107647462
MT1E	2.25624606463278	2.62002458255061	3.84037795843619	2.05805478716457	3.53499598579067	3.83260159155718	3.92954662767316	3.07123284293415	2.14534461869257	2.30053866654366	3.53188996792133	2.15290140887577	2.70217521545553	3.81690540365756	3.91930382080266	3.12441464230639
SPC25	3.31617752491722	2.28890760341168	3.88868863848753	0.652903854745339	3.20475769864811	3.00226765871532	4.05256644103817	0.863511660796245	3.52557970857459	1.9634036914599	3.86917300912446	2.89441237550867	2.70217521545553	2.29479199756889	4.37255500701851	3.13173726328536
CENPW	2.83499151253996	2.23473209691069	4.63512022228548	0.460797735567249	2.88110831828945	2.48879686462524	4.32799211348878	0.299066245407286	2.63997126561635	1.47016812844142	4.07571207613728	2.24238999950512	1.9487948631569	2.37229077122916	4.45220133162237	2.30055450831164
MND1	2.19871468512454	1.34793426745953	4.21881389791435	0.184869155840581	1.90851739705844	2.06970693428818	3.83390974908353	0.115125662748914	1.89701453300722	1.31511685334108	3.76727927515766	2.17124871005866	1.44858278329738	1.40988627940095	4.23820093423127	2.43092939763552
OIP5	2.37137622589795	1.7411816513283	3.29318684727334	0.460797735567249	2.20946558121783	1.91354491992026	3.60238842950626	0.608719135733645	2.46192328030704	1.38766622722242	3.52477018650716	1.49827550281343	1.87498887049492	1.87066678442985	3.76981111022516	2.49479162410281
