	HD276_Trest	HD276_Ttumor	HD276_Teff	HD276_Tex	HD280_Trest	HD280_Ttumor	HD280_Teff	HD280_Tex	HD286_Trest	HD286_Ttumor	HD286_Teff	HD286_Tex	HD287_Trest	HD287_Ttumor	HD287_Teff	HD287_Tex
B2M	12.0760442311376	11.9211551350814	11.3412440479345	11.8681527113743	12.2231774254765	12.0846347286153	11.388936583845	12.172029919665	12.2053542150186	12.2403672985677	11.5503934681076	12.0321861988358	12.321926292562	11.8846392402334	11.2796713471841	11.6382465045766
FLNA	10.2483436288827	11.0284922341489	10.6170016775074	10.5820617590821	10.7721940717163	11.4272435069585	10.9323816206092	10.8837471027789	10.5759919258415	11.2372950060737	10.8423852323157	10.9007585210509	10.4189356704897	11.4337603647539	10.5094402723078	10.7899164761556
HLA-C	10.4579435200256	10.7183551038194	9.81737509619357	10.3838395559641	10.6433226594869	10.7959181227974	9.89001995360901	10.6436295404471	10.1704333162262	10.2906958988774	9.7247731767449	9.82753153422554	10.1442868424522	10.5720064188205	9.24799033191681	9.73038006361853
PFN1	10.0847617351994	10.2321519324755	10.6511491916406	9.88195240433065	10.2486668734151	10.3549347472317	10.4467983611131	10.1248037610694	10.0944802085908	9.97639598791904	10.2885085633406	9.99122100461956	9.95783631436272	10.370488718889	10.535463843801	10.1759910013566
GNLY	6.23601329030998	8.6627174498301	7.84419885793327	11.5884923707394	9.20745176891097	10.7832478214315	8.77783249631486	10.9580147588267	9.24231096521047	10.4053248250934	10.7566680476817	11.3771110605995	8.84938191084706	10.1657570582333	8.95476555642031	10.3150531458294
TMSB10	9.41568030654312	9.94198288294714	10.4919759971691	9.85495908402544	9.49601163618986	9.90169450245103	10.0946927937919	9.73220491162012	9.48784365778333	9.76486644051014	10.0418752260609	9.71351938837428	9.3682301898587	10.0924510669783	10.2365046132308	9.86964662644695
PRF1	8.32273158858435	9.75191206037206	8.13516084876489	9.89752054368532	9.19208766574345	10.1844326695129	8.61571201916279	10.1109267211541	9.05217889484798	9.83128219503087	8.55978284720227	9.91722735999688	8.8234816989916	10.0684146429312	8.18231310495624	9.59235656675164
NKG7	7.78198340508821	9.02576715769028	8.71383567618091	8.49227788229947	9.38677274442031	10.1069480555279	8.96388247792301	9.85062076506802	8.62508076291532	9.10753191134446	8.67239146902516	8.8829056546567	8.34206248963547	9.86531441759853	8.2173099844188	8.56083366683757
MYO1G	8.30217827876464	8.99321284264591	9.16566702931056	9.14604521089177	8.76827412909832	9.30869371727368	9.20821191332523	8.86795634062598	8.51351621041113	9.06702982482517	9.1219157599525	8.9365986334984	8.35452722732267	9.20280828659873	8.98464997667765	8.91740051936832
SPN	8.77756638500572	9.20205645390086	8.13014596303401	9.08683069118533	9.04651692796572	9.47885873633738	8.76340308147798	9.26009931222855	8.8011101180166	9.2229422641214	8.39970568038921	9.13629373516077	8.85576622186757	9.1834013103422	8.54196922176686	9.00442698385682
GZMB	6.70039556276542	6.16247616157241	11.2520050142666	7.67275493154813	7.63299738322186	7.22697053337008	9.72257185682331	7.97126472609604	7.99319297947015	6.5460550515662	10.3875597139263	8.17865960037256	7.39432617490088	7.36384337710447	9.61368662354126	7.76828117762066
MYO1F	8.32062617712033	9.43852514472348	6.79757700243157	9.10314991208498	8.77573384399883	9.67919740968937	7.83199993757404	9.35868260268238	8.37435846561336	9.2683219260197	7.64559262841871	9.06387926882065	8.4606359340939	9.57657056597385	7.75306518962472	9.10161291809894
ITGB2	8.42250119493002	8.90358558548091	8.15523776534008	8.44346814297576	8.69824836682684	9.13412884701653	8.06732478162609	8.63951446147261	8.23311019573923	8.46277994519373	8.02394970509708	7.82181771874798	8.53122043026415	9.27884589230144	7.68215880769338	8.24662048829468
BIN2	8.01049184582604	8.82587987348643	6.39750668473229	8.20724735006475	8.47620583633182	9.08670323808327	6.75682098933365	8.82375807876194	8.17769851041371	8.9640281174307	6.48412078463193	8.5511220818719	8.30631395183457	8.70502942624328	6.70822655733018	8.22142418456936
CTSW	7.01227228268951	7.5246934382423	6.79660344297638	8.61348151134593	8.776343589079	8.83890866865184	8.26651326254812	8.99057983840531	8.45541349238845	8.26837893444732	7.78713211324445	8.44414176720869	7.6398703621175	8.26252573048616	6.98555967375579	8.06765685184914
SYNE1	8.13420782026495	8.59943174756785	5.71689748674085	7.20290170944032	8.51720092002007	8.93277428212071	6.91469413136028	8.44898246060374	8.16744596600655	8.56633332427379	6.86112120483216	8.27551684060065	8.26289091663622	8.7191461653636	6.96307718530557	8.05278609598652
CST7	6.83952808608389	8.27917583594439	7.45270227222892	8.08284872152373	7.86796160252309	8.66351091851567	7.86112874897173	8.90230176565581	7.25849239832724	8.05259503130758	8.14003052561	8.29394859162842	7.03901489880034	8.44467940584917	7.12878904473595	8.08626788193936
LITAF	6.80198867878398	7.9658530348713	7.79897450625791	8.29089516319653	7.44621973124519	8.48104218212652	8.17896831676499	8.43475439176441	7.11523594891969	8.10329347955944	8.5443531164155	8.42025036072994	7.10834260133548	7.95453769352404	7.9551131737728	7.92387640654959
STK38	7.67001696953037	8.35822234873549	5.89528816835065	8.32568879636601	7.85127438158469	8.66795509548023	6.59180825669959	8.50762083854787	7.74538652324499	8.7566695366551	6.73106282018525	8.58647828091132	7.92185885509337	8.14099762436321	6.94161933038234	8.17964198253832
S100A4	7.13907146368238	7.88336408018796	7.18562984321232	7.44411688285973	8.04396826954724	8.39277536975955	7.74627992565335	8.02539226830666	7.74830289467222	8.1020811815888	7.55435909405301	8.16613571615733	7.65923705385244	8.38713838111101	7.60642646923045	7.88364501187275
LGALS1	6.69455421104912	7.23401862038728	8.79028854545023	7.33430037757869	7.46267889479451	7.5762603214186	8.56661760497237	6.60527358837024	7.30567057780208	7.23484262282253	8.48620765214345	7.51074867458763	6.80754751659468	7.87356105450871	8.45908360361621	7.87371649251347
IFITM2	7.39721344632474	6.86579669352214	7.62958882515065	9.22797978100677	7.27385231031427	7.68363283665306	7.08289711090302	7.44563249525294	7.48790091590147	7.77647458658242	7.34748002063583	7.41824350163371	7.38126516479634	7.56830880038477	7.6350095531027	7.24293118844258
KLRD1	6.26301641678592	7.77585537629183	5.01752096426506	8.0701604270649	7.31371382186995	7.70435090119452	6.45352714694693	7.76485994537573	7.33204522101999	7.95524868882658	6.77635574263823	8.70907546243721	7.32520977689676	7.67568127074815	6.70362301598708	7.78550316744248
CCND3	7.40080539897229	7.40998759719865	7.68758833186743	7.29442141967788	7.70829263240404	7.61224077612249	7.29179557191207	7.3226554382351	7.34964872240594	7.19142337697822	7.02336013251905	6.74586374445444	7.41217059555468	7.63226314970005	7.23356577706545	6.98870468578151
PXN	6.88355107174531	7.86787475895009	5.51625442957141	7.62595829404694	7.60882658312389	8.23625315451702	5.01839964937748	7.33849596653486	6.85307450641673	7.98200312133306	5.23003818035097	6.8215032447902	7.43180928844374	8.18967099815671	5.42738541337411	6.81395254515605
ADD3	6.949891773123	7.41630334208711	5.85470473999779	7.08634324782047	7.2230511993157	7.93559874995032	6.61489214357773	7.69304275441355	7.14431003105549	7.99090917073626	6.86288671916529	7.77965200952787	7.29766829612216	7.10188727337038	6.67955521488857	6.98517178323929
RASSF1	6.58199088734984	7.52085832352709	6.31185884750604	7.51403191530642	7.03773893887641	7.60466015232225	6.32339047308773	7.54308325137176	6.8554808065553	7.51097077859881	6.24946102741114	7.26357798635878	6.81435063618029	7.61627037823526	6.32422437158202	7.14681845091298
RASA3	6.29682462870177	7.45996677764907	5.31679289448169	7.78756637684321	6.44201802435548	7.93571959693081	5.01751153215302	7.73994395973233	5.9865094821233	7.71400862742682	5.28585270863222	7.38571436932519	6.88626095553841	7.79995538295637	5.52024425373307	7.33918005926644
ITGB1	6.33987268783455	5.97514653488196	5.96800335403211	6.26513874233308	7.0943879837419	7.35411843446055	6.92396591784493	7.59879344086746	6.91003551345109	6.67557751038648	6.86218077267904	7.54566809929047	7.06517788428753	6.99710035451283	6.61295445323281	7.31042918078964
RASGRP2	6.56537199228303	7.49248695752184	4.01794447052663	7.51024494548209	6.44355439953779	7.53872318039959	4.6964587222107	7.4229938874417	6.18036203643657	7.35075563954316	4.58031386576389	6.88956974102205	6.62647557010783	7.37075968120115	5.06905142146318	6.97197330432096
EMP3	6.11634605052296	6.8536514652733	6.8077599069053	6.5597478445354	6.70209663308578	7.20628266258195	6.33484349861452	6.9566126700782	6.23959363785181	6.95374843069481	6.30350355300725	6.62627679429852	6.44868435432877	7.194455632615	6.19860053894305	6.65786711606938
C12orf75	5.82760952347671	6.3370041418559	7.30613963258418	6.43600816513454	6.07144348892419	6.53437214175335	6.91421704510204	6.3653408102874	6.19040439140812	6.590533826634	6.87937779064091	6.44494334932355	6.26990828418665	6.43113378408576	7.35181323449059	6.39806497756979
GZMH	5.02704683795524	6.21438949433564	7.9249356946703	5.05680758204176	6.89411174729776	7.01617404648276	5.94138287010008	7.12023854742941	4.86541870821169	5.07125148037543	5.40502924282622	5.87084212475311	6.04439373106653	7.11452048205753	6.19397416721791	6.01320528626693
PLEK	5.52594553346597	6.52326798085431	4.1909279701937	4.10890101029552	7.46464748819701	7.68952128062082	6.38390825681	7.18445921498324	6.17266352277586	6.72541711365531	5.73155172645772	6.56601903681385	6.10769101387697	6.89752372105721	5.13086940001729	5.37628153518365
S1PR1	5.32215072232017	6.61776566348832	5.41204373998945	6.29625961353218	5.75047165991668	7.56380401919597	6.02815851628984	7.0750292851863	5.10773146168337	7.28959128026348	6.26396456692551	6.62253144254771	5.84500005678654	6.80299471671214	6.01713512512856	6.25493458299269
LPCAT1	6.12022473467098	6.61549604466315	6.16870593265391	5.95350917418542	6.55492402868928	7.1183025230107	6.27032327335996	6.7479410042713	6.05091677224939	6.59206985494279	6.15520895870583	6.4350124980501	5.81571084389549	6.57645002100321	5.96287371848948	6.02995785925877
VCL	5.07779259261007	6.27747764952474	5.99753442195775	6.29945478566874	5.64545063149509	6.9938301509313	6.77926272208399	6.71826706976343	5.2498709056878	6.70887649996688	6.58639875699208	6.76637489863006	5.29595330729827	6.31741312856443	6.44919351943034	6.24483999661523
EFHD2	6.03701160540701	6.8597368598303	6.16456134456554	6.45797844350162	6.21976017982998	6.67825437480696	6.39078325154073	6.28392816358122	5.92540468104063	6.06962639753135	6.20783558629186	5.98544113489203	5.95094799360705	6.51993655403604	6.20359575649002	6.18362366517459
TBX21	5.57834403338483	6.59529114060619	5.59955391984701	6.76002600533788	6.24217971111139	6.76976133931963	6.06472912183305	6.44693386677105	6.13502876143611	6.46538533978797	5.94660764386892	6.38627089095327	5.97929249795721	6.72758493424386	5.69848822819121	6.04166716515759
PATL2	5.16016389326943	5.64581350179126	3.5295117905539	5.62142807634256	6.6286313784654	7.10094934640403	5.25832250658019	6.49484017669815	5.49952160046468	6.27291680878856	4.88834876550276	6.15462666947574	7.15635099378566	7.50221636263223	5.48785220426204	6.66356192394018
SAMD3	4.78343326815024	6.22782421072675	2.68807582871811	4.67418975136639	6.60328742638025	7.47129599023306	4.53206416063771	7.13564659083041	5.94361362934903	6.94355679334256	4.32148490067906	6.50990806690296	6.31726608792112	6.57455943383255	4.50917710838118	5.61443673028078
RAP1B	6.23467213821267	5.37503783332795	5.91560810888196	5.72308185063441	6.04375350006523	5.90988206210778	5.76423688089582	6.09303373701289	6.36480232203781	6.33935723049425	6.13079792878931	6.35149670017546	6.49599762016739	5.22424248024633	5.96920510299874	5.81992561784302
TPST2	5.64245475912242	6.1957733751661	4.93852033144067	5.8318998888294	6.24605875393117	6.67680913511288	5.06384421173124	6.3745160091165	5.99581053963523	6.41594028655567	5.06069646364099	5.98024753229071	6.17410906106088	6.47334632271143	5.1509004527035	5.85075913381005
CEP78	5.30691656514915	5.73354094829797	5.32086158916185	4.03031043137504	5.58992675611595	6.7520281949233	5.51646906970218	6.39052397727606	5.47234253320618	6.42544894037994	5.55933135954674	6.18823530760851	5.4484502518553	5.81173178885637	5.73344673590232	5.50026779438451
MATK	5.57056912098361	6.02502093908943	3.73861451025252	5.63477064078381	6.10833076056909	6.12397653670715	4.3408295659971	6.2464378475232	5.71890039539139	6.00652183056714	4.07571207613728	5.7870697227803	6.23114725374449	6.87849408547982	4.22465584517934	6.13571654381017
TGFBR3	4.27911761999628	6.17845226034335	4.28972179357414	4.66430983699539	5.53506539185368	6.73324030813638	4.39380699073685	6.32766724839698	5.08842606341376	6.64556564415774	4.17227863935098	6.45527429526668	5.27816850170911	6.10637873639892	4.5017090953311	5.45647109883257
SSBP3	5.65721295634436	5.71528702546968	5.94621988058342	5.78593939134655	5.1289598223263	5.47763302522432	4.86491034760185	5.52431569347074	5.44783446460751	5.87263925563685	5.22015489885978	5.62680336625635	5.68481329512137	5.68369694196584	5.47201636611135	5.85075913381005
FGFBP2	3.62271230012738	5.96567429565435	4.16400305692125	4.50460145123067	4.82480183263222	6.77003246160395	4.65251339023981	6.50322995775972	3.16334958738153	6.25169287046277	5.35873342040844	6.13021566449355	4.40027375393711	6.77801970532644	4.8246096982052	4.95197642837897
KLF2	4.22611296025885	6.07322862844993	-0.713445595233998	6.50232719097284	4.98614720118425	7.03682583588697	2.10672828392815	6.56063078625519	3.95161030684694	6.64593542853341	1.17422008186494	5.80993772174754	4.67900434784866	6.05487321821959	2.05527106567451	5.4232879382115
SH3BP5	5.5441053078026	5.81821327582852	3.46969067761174	4.95613784186502	5.97104521681372	6.23930047148689	4.16431150013207	5.70799001437119	5.95150834093724	6.29430489874807	3.96434255945303	5.25548627590218	6.17170289336409	5.8745458023744	3.97429807401047	4.31008048894955
COL6A2	5.21197047001003	4.78287135801014	5.36881140417725	6.41369812866399	3.13648704182914	3.04232518315905	3.55910016011299	5.62861505651965	3.75168281301008	4.20770785828216	4.38577022752542	5.21073161754318	4.7948556976748	4.46271675142191	5.68261383714418	7.01195616181555
DSTN	5.08475666893961	4.3025228604374	5.55130837545718	4.66554853278641	5.30425372043711	5.31397732671422	5.23940355213581	5.25062064580558	5.30108366567594	5.32508810394843	5.48148682283493	5.38983349186854	5.46032819019534	4.40714480660192	5.54225094091535	4.86896902412608
ITGAM	4.28948880834601	5.68530315140449	3.84037795843619	4.4322165870803	5.2249964001474	6.24008354544672	3.57608916629086	5.6904634775111	4.38208863815581	5.58859204038167	3.46651049640132	4.11596138393345	5.75849622920416	6.17951624015343	4.12610292627252	5.08523942507591
MTSS1	3.66315376783519	4.51387337055254	5.90976724283369	5.6423399241379	4.40271315011354	5.53937392264648	5.04740495969415	5.2914956616367	3.86110681641592	4.79270412457571	5.87842318716526	5.43228955740813	3.90024530298654	4.92020341254904	4.61563981197563	5.5686338569904
GZMM	5.09563274785206	5.43289601343924	3.9495175022132	4.94189580693584	5.36193933222839	5.6197953965172	4.31648434995937	5.4929801821764	5.0542691132033	5.38745240780583	4.42645234391372	4.97912014042274	4.71382104049356	5.51520091738574	3.30994063991564	4.8446664971935
GK5	4.67026158259054	4.88940779777521	4.44690414127357	4.96219879326219	5.10585928701002	5.27324389448344	4.73694833999093	5.19370148617814	4.91240111957334	5.28100999565867	4.94010947568455	5.31238943608451	5.23087504822336	4.9661137175982	4.89565912081808	4.77037499495487
FCGR3A	2.63805129503527	5.06822086698938	1.3246510182839	3.83936460403461	4.74331726976624	6.41878045536652	3.97234081588853	7.07862676271525	3.78992619684797	4.75617651700201	2.48227059146404	5.33596060872103	3.29704289662897	5.7291614412623	2.56554838296467	4.0909222222168
KLRG1	3.70249242832385	5.73354094829797	1.86012174171678	2.97181005407153	5.42489283844433	6.16166120311472	3.72060724827391	5.73160372899765	3.70974057542188	5.01281428954193	3.08606317001974	4.65825493440346	5.16562686671934	6.16409316553252	4.29546978699551	4.83011109876336
TTC38	3.97941316920091	4.64872576090488	4.45433111524091	5.46517674329926	4.56847218551453	5.11320191693711	4.39790772509239	5.20773256663459	4.4409560382259	4.65839644452181	4.12597988691623	4.94487111685947	4.22755308157095	5.09216027958344	4.25902150685451	5.13071781006342
PLEKHG3	3.07371764552091	5.39722767912858	1.41876849036462	2.95569888605018	4.78657305425537	6.04462283610131	2.74429614240625	6.01679587803902	4.30847396928369	6.17382396754737	2.97028952929556	5.25870713653208	4.24962400568837	4.75530205666892	2.17904253286982	4.06629380839775
ZEB2	3.29917002601929	4.0879260632085	4.73302062106322	4.69980713404428	4.73330287117848	4.78971223792199	5.0707103503773	5.23861130943328	4.20471598484036	4.77116994753166	5.29843201145274	5.14378990241503	4.06073173268808	4.51359834306886	4.63852020025466	4.86458072401142
CX3CR1	2.84908320055258	5.12037481729156	-0.166054426794573	3.53499486557929	4.89025910838404	6.65554207963875	2.43406821009014	5.47261695769045	2.97701349501309	5.55590733940032	0.871567979480929	3.2713082970561	4.57795866546552	6.10157275219257	2.0755337707933	3.2099245312664
RAP1GAP2	2.85375000783501	5.36155823278369	-1.69112261655413	4.92957543720756	4.69563315865265	6.61083331527896	-0.480166732936561	5.28994477440833	2.91376565789312	5.9032768558461	-1.20226070773091	4.4966931983585	4.18237170267981	5.62279359328379	-0.668748436773633	3.26423922161778
AGPAT4	3.77563383595525	4.81619352236834	3.10782328149362	4.86310866290374	4.51218723225008	5.50134154989916	3.48906993252698	5.32065011064063	3.91054370366798	4.75617651700201	3.36252623633659	4.87102959333846	3.87443658307491	4.05427977383731	2.80280311723042	3.61972999018103
KLF3	4.44911203097379	5.15516736908198	1.83757998251728	1.4239279224601	3.75685248040331	5.18327790113762	1.00961241415321	4.72787272903889	4.1586927208275	5.9032768558461	2.06788148020453	4.32705624977079	4.89160262005496	4.64432081344558	2.06205697104691	4.14258178290762
MYBL1	4.74626878070977	2.97191195813199	3.33670158925699	0.768090780181793	5.24839051286471	4.10951875426934	3.62821684697531	3.01601772855381	5.49103465246962	4.23549294690699	3.95112527749893	3.10471078253022	5.81386037352359	4.00459417209861	3.93417514068764	2.17858618841591
CD300A	4.2279115183935	4.57433041653963	2.7335504586722	3.47125740454532	3.3533861388917	2.69475789997572	0.874882053486298	2.86588010854367	4.36361154255489	4.19158705473976	1.90194880069746	3.75458641574614	5.20569341061035	4.88808783608032	1.84316049323146	3.4426389357552
FCRL6	3.58672194807528	4.45077160118159	-1.98049533912822	1.15429393989826	4.83232751521208	4.40036579154827	-0.743665328089203	4.44673610946492	4.10104830546732	4.30270100451265	-0.866499835556298	4.75265772677267	3.84332791409944	3.78237725832098	-0.76155199033707	3.16066164088473
ADRB2	2.53721643899769	4.03456357754026	-0.292947287431496	1.26303443380883	4.42901011816821	5.03684623860814	1.32884478996745	4.57325523976474	3.64166265078778	4.55192661771807	0.979661801222417	3.87420707472628	3.71700759988757	4.27678525102082	0.804043456112382	2.78683739391492
C1orf21	2.16906514504644	3.8893227224828	2.00876079087672	1.05192060835464	4.07655378119019	4.96855975195592	2.57111558035037	4.50805097763224	2.4170146082813	3.91304850322572	2.50415603692252	3.41680453003471	2.97371094933617	2.72572269888964	2.14109167851051	2.59884877006459
PLAC8	4.52275484768624	2.39856984753882	4.31441886883641	4.16952820771023	1.72664069107228	2.36216190248292	1.94425178916352	1.89260157766337	2.81831254899237	2.3738064573872	2.86710467498028	1.997064121781	4.27674615329467	2.30698922881593	4.22011240703124	2.56137945009273
LYN	1.56389058658128	2.77989671763584	2.41112059290173	5.00000459363414	2.42388806741378	2.62931766769196	2.83983465964288	3.08560682882664	1.74956608138629	1.86518949725875	1.98729943602	3.19266003759296	2.14210182659834	3.18817126674144	3.05151802297234	4.65186842968232
FGR	0.701144526306895	2.81724224804457	-0.228106192089605	-0.304002741778809	4.12943834416276	5.55770657400183	2.30025648856284	3.85233145287523	0.542871689996182	3.04664642790933	0.397453146139126	1.62348271828643	2.42672172267574	3.79108707493211	0.47847617309375	1.41324312654521
LILRB1	1.18870126052661	2.07652219824544	0.275262037712977	2.0805167687558	3.16656768168378	3.63004230910801	2.83983465964288	2.57125413489439	2.92755413803527	3.87064621341552	3.05180078848427	4.24498717826315	2.09411715364759	3.69225870382963	1.96402059643656	3.12441464230639
SPON2	2.67543722256874	3.28536331150421	2.79723716211294	2.94349632770451	2.80665442544682	3.05662013588456	2.63272953171941	3.0197652122385	2.80343384111913	3.05558095097672	2.54695542768623	2.60154847718796	2.63668888712646	3.21430998227508	2.5939206864133	2.49479162410281
PRSS23	0.930504834800511	1.69606981793787	3.79819688060302	2.51366280954426	1.41201659378454	2.84644250683382	2.06607526383202	2.78451415994131	1.1717982384816	1.40174835754693	1.77568303114818	2.01748951394842	1.15315902677225	2.96388862273347	2.02780368382591	1.51754731004859
TSPAN2	-0.985076144015126	0.143551794477731	1.53540798822361	3.86547000952988	1.38156312617504	2.27315051103885	3.69194825799285	2.03272078329711	-0.447752316138941	0.692077906086789	2.77409460529669	2.11549162293657	-0.0763048474273291	0.799609441255169	2.91200202658129	2.86800056886618
TTC16	0.858028672081326	1.92835893112778	-1.18110737949772	-1.04903897112055	3.2191811190876	4.10951875426934	0.874882053486298	2.88244028289615	2.03078080661439	2.6043915535179	0.300731666432441	1.87924270099948	1.70436691329586	2.96003179137879	-0.243657897845699	0.437540024899307
LAIR2	1.40762802178093	1.19419977527386	0.134415316102628	2.04288346011073	2.47285967700667	2.81735466398187	2.94072495366347	2.86171019225847	2.80841047946507	2.85012281805079	2.42223238819266	2.68691383628323	1.0563095349606	1.67750799370417	-0.76155199033707	0.413708540022811
PROK2	-0.186506952173887	1.75224259727153	0.540133323273083	-2.03681452243234	2.52022339789634	3.620451430541	2.80319976247699	2.87418395662063	1.21741182806508	3.19148461494084	2.08734285045268	2.31844243172906	1.0729093795294	1.56012117006664	1.49760350577874	-0.00101876699582729
FCGR3B	-0.483358229399093	1.53887932871606	-1.45020722060635	-0.343327655275193	1.18396547786651	3.22429243320585	1.06567792604521	3.66641891935814	-0.110655760881191	1.01881335242188	-0.793490664345092	1.49827550281343	0.307172909992184	2.59255690818404	-0.243657897845699	0.551127454307307
AKR1C3	1.64150937827238	2.45381732862854	-0.166054426794573	0.0994588063901534	1.60010100844381	2.50972884629199	0.794211456576632	2.00273807751351	-0.148730057164971	1.25433046743934	-0.723998914095117	-0.215285862668068	2.17322727493438	2.42919517122793	0.498625283050009	1.47211819593635
S1PR5	-0.0758728723265522	1.40511664236616	-0.954398064024975	-2.48714530379596	2.32599758498429	3.333987148095	1.06567792604521	2.12607255165236	-0.545953522383653	1.25433046743934	-0.4193340541436	0.396948454936075	0.69807911372095	1.27978570578791	-1.20723275652212	-0.58536108320718
PDGFD	0.839326088898903	1.97631505682498	-2.09146774182028	-1.18531537826948	2.10149481921283	2.43509837134259	0.208769209778377	1.63361173480611	-0.496017536910801	0.981795151294369	-1.30001066921565	-0.313912044255326	1.66110805411211	2.1052604567992	-0.624493361956524	0.965953408210932
OSBPL5	1.09720631949087	1.09342611493052	-0.049425769409834	0.591667362324693	1.27514227259845	1.258983648424	-1.33002129356194	1.62379592387116	0.0659599237392756	0.84419684874417	-0.943401579087461	1.29577056835273	1.34304773939297	0.915667597879736	-0.146583580505813	1.27458383085825
PTGDS	-0.531229250713435	0.985081143415765	-2.48714530379595	0.483450453231711	1.35045293690753	2.58562525369984	-2.33420978154878	2.69828356192333	-1.17231062506048	0.469492382054596	-2.48714530379596	-0.313912044255326	0.441072067893102	1.34038024088027	-2.48714530379596	-0.32263673630274
MLC1	-1.2799277162021	0.17677053545109	-1.52612851270076	-1.25860600055563	-1.69874627321401	-1.5461341591633	-1.95376349885317	-0.844056819777669	-1.74191258194296	-0.479295995976413	-0.943401579087461	-0.365874438472221	1.24391391237165	2.43476408585511	1.44665634418818	3.00986662723325
TYROBP	-0.797773509845415	0.418121774534408	-1.78128155161366	0.184869155840581	-0.180468221489431	-0.00188162272151915	-1.33002129356194	0.484051568662856	-1.74191258194296	-0.428579948775041	-1.92264499003852	-0.724410664204451	1.0563095349606	3.22077132875249	-1.27402964524918	1.22066454543557
MYOM2	-0.437024766009105	0.0747276922566226	0.985074047734528	0.768090780181793	0.524316078918424	0.779463258425007	1.34025476787626	0.896497571520644	0.444007754821573	0.714816084639529	1.73923856573546	1.02019673611782	-1.02555250654254	-0.853856031866284	-0.421545565617658	-0.634206541883661
CMKLR1	-1.20037594288333	0.302487294938086	-2.48714530379595	-0.512312070300894	-0.966179186337652	2.17173221776089	-2.48714530379596	2.67470783389323	-2.14175136145327	-0.000512921624315448	-2.48714530379596	-0.215285862668068	0.307172909992184	0.782240438152531	-2.33676134377346	0.998360781775324
CXCR1	-1.76078531022426	0.740427228718455	-2.48714530379595	0.341870385618744	-0.4457669912829	1.84107162699527	-1.95376349885317	1.44581790370492	-0.888430458747039	1.41569436002526	-2.48714530379596	1.32883586517659	-0.403632282298958	0.947181650617391	-2.33676134377346	-0.32263673630274
KIF19	-0.985076144015126	1.02210759929498	-1.37808230754979	-1.79955677136318	-0.4457669912829	1.92916737523782	-1.19213760047202	1.4005450800067	-1.42918117404812	1.54820619727582	-1.64065171628052	0.0456241628801387	-0.403632282298958	1.47619701536876	-1.57724281046969	-1.49062496179628
