	HD276_Trest	HD276_Ttumor	HD276_Teff	HD276_Tex	HD280_Trest	HD280_Ttumor	HD280_Teff	HD280_Tex	HD286_Trest	HD286_Ttumor	HD286_Teff	HD286_Tex	HD287_Trest	HD287_Ttumor	HD287_Teff	HD287_Tex
GAPDH	10.2407643814711	10.3629712291	12.6651163942256	10.3947108631925	10.2681111069537	10.4451144865291	11.8060999631901	10.0964713675463	10.359357594202	10.2161116913143	12.31090569613	10.7512331406558	9.94995958507482	10.6548638333053	12.0268999686414	10.9807184118352
PKM	9.24500700056765	8.74184308693581	11.7388263058581	8.39425718359755	9.38960499079598	8.53540195395232	11.0246929551065	8.31614857116836	9.59814990710559	8.51998111550871	11.2298727324771	8.90953240136745	9.11892039368342	9.22487356488747	11.1060304160416	9.17510637403127
GZMB	6.70039556276542	6.16247616157241	11.2520050142666	7.67275493154813	7.63299738322186	7.22697053337008	9.72257185682331	7.97126472609604	7.99319297947015	6.5460550515662	10.3875597139263	8.17865960037256	7.39432617490088	7.36384337710447	9.61368662354126	7.76828117762066
LYST	7.84808419897729	8.3422983154667	8.11382384851111	9.27631425953147	8.40615283641071	8.70522331305104	8.71622084136539	9.07545517394747	8.27460848586666	8.72052323428717	8.83978323349404	9.324478813653	8.25234030134996	8.47083392104399	8.51014423059119	9.0311654347965
TPI1	7.8705652597299	7.66023605020304	10.2526652627599	7.53840784681578	7.91601039710469	7.50881901829529	9.31746753967494	7.43304082434328	7.95499343493437	7.30301848079905	9.71693659385688	7.44157754370331	7.66660395521592	7.8365703833416	9.43293684169109	7.69107813328756
CXCR6	8.08370436014105	9.0535570041527	5.03578835362409	7.64445121536248	8.50878638762171	9.09759986129006	6.53677450927481	9.22532722564796	8.93206361636607	9.27209980205054	6.59066675441112	9.31593634238575	8.4404891607932	9.06006579398968	6.79759497439217	8.68292014099688
ENTPD1	7.84691432443433	7.81115731172894	9.16448831857157	8.78847708564544	7.45111612686037	7.01640260320847	8.97992854359871	7.58920997801109	7.86932991130476	7.40025528725782	8.91710019413336	7.92222093060284	8.23100473667564	8.06448219355695	9.7920662336049	8.88972884986603
ASB2	8.04150306820098	8.32619655398053	7.95109297058907	9.32885915896505	8.0277742087696	7.57703528089729	8.80735780098609	8.26437401800891	8.36488874852928	7.96802262374068	8.89897356730399	8.25832228536218	7.83481126242073	8.31177922427837	8.83023966273256	8.94338149571912
IL2RA	7.32300926211482	7.00002897868842	10.652881764718	7.51162317583535	7.21479759462501	5.87097821631387	9.05044014433254	6.04096937505287	7.63013085682229	6.7169945388335	9.11252248978542	5.98154768679975	7.35690258131955	6.75955538182694	8.65253075584385	6.64096733554828
CCND2	8.19097742550652	7.69880227504264	9.11901705732172	7.55019162620793	8.58378234430267	7.99560531390653	8.09694964069828	7.68347672981467	8.6531012519343	8.08513752494629	8.1670049486884	7.4387405086378	8.68617291180727	8.11131141077479	7.79274548051958	7.46081729664355
LRRN3	9.42335302054653	8.26669521144323	6.59129481700029	8.46434766529248	7.92615657353533	6.78164278091626	6.29728381645294	7.29276776060928	8.86109132474645	8.27401191785885	6.75939492346515	7.77796940637591	9.56611021858388	8.00886628804873	7.53855982142151	8.60260531106007
RBPJ	7.3484460416771	7.54848422552385	8.72737346831729	9.07487692150926	7.39552592409944	7.26054717069372	8.36537010145333	7.96228613123987	7.75653407501021	7.70072151935634	8.83637266149113	8.36353866716464	7.61723707874923	7.16836925850872	7.98989187686058	8.29113903103909
LAG3	6.99362827735666	7.74036243591573	8.99118987456159	8.33116311440431	7.2088473070461	7.40213743835242	8.38856736220249	8.06253990402564	7.41146356107284	7.37415625661661	8.66076717401272	8.04886194743521	6.732803013568	7.92627758626286	7.7653311898471	7.93569104001088
HLA-DRA	7.03145099863307	7.80087354881565	7.17199298860772	5.13042157703842	8.42447388806018	8.5846312987665	8.62120328137015	7.24293985134603	7.91142479016522	8.084455622048	8.23756259425713	7.6599063063363	7.69402532791398	8.38408326237673	8.19587409652062	7.24081643161378
TIGIT	6.21349633497669	6.68857012403547	7.78333340464526	8.00168257425667	7.4474453889665	8.04057300072891	8.27545622661016	8.06299399306488	7.23211444067307	7.30395606451347	8.176832061742	8.00925290477586	7.12659559359066	8.00255229023198	8.10299671462939	8.29715556383652
CTSD	7.49865742867341	7.94792543308626	6.30365879595749	8.05901007065492	7.70368404440193	7.88179550644647	6.84130778189365	7.85690064891044	7.71125148442664	7.92890066049714	6.95051012165777	7.53928133219312	7.70538201933481	8.4615717157849	6.63388587495469	8.37664070069335
FKBP1A	7.38638361619565	6.96688188857967	7.90519933377652	7.36874035534165	7.35332107657503	7.01021882666166	7.65414354000371	7.33812082532137	7.33074868712444	7.04152839349701	7.61302319558895	7.3142476659941	7.3795981308121	6.94463783550771	7.85267859653378	7.30051376579011
CD27	6.93950208392428	7.49680922189431	6.49134818805547	8.10298927672691	6.3788603540657	6.86446798972062	6.51018717351019	7.98294996742906	6.60253276542329	7.19547095551645	6.59746939599607	7.94072101052897	7.02788336912612	7.85771285549956	7.39141595852407	8.5646430355933
PARK7	6.77978422786298	6.89852274389091	7.95981644247457	6.73310375133973	6.96792549098139	7.07638649534781	7.94327498953771	7.08131899610968	6.8908085928234	6.77562141996708	7.80487433377391	7.06570411951583	6.69375889574685	7.07338621176325	7.96034400143413	7.08944900110378
CD63	6.5578841978227	7.3138766234109	6.55087342635081	7.75112870595418	7.12936470043101	7.46996150466245	6.96393010958573	7.76597599104859	6.94435029133041	7.18125446867833	6.73839053712287	7.56834262155118	6.71142649352697	7.39381573400951	6.84238099334194	7.46245165921597
CD7	7.14527082927863	6.91614911567611	7.42099171944522	7.97057622107593	6.43152705653066	6.46707092487196	7.07970974531104	7.03832143614934	6.69377433969559	6.78639551576889	7.62180832734234	7.03096312418262	6.58367742273614	7.04157600777295	6.84828149212059	7.61947266969056
HAVCR2	6.53844949866387	6.89914487247777	7.57229170407203	7.78058076726243	6.33814152385763	6.12312781686746	6.86889769060268	7.12263650810154	7.38046952288121	7.00653638754778	7.36053557207021	7.12837770041099	6.81435063618029	7.18457350413954	7.08469222474461	7.32846551170628
CD82	6.38207725540269	6.60409408180498	7.80419111560744	7.24887075945009	6.84287255982493	6.56563198930871	7.52214292578249	6.69179206752206	6.8659614337482	6.46873368175756	7.78042212111335	6.69009507902546	6.60487852454445	6.98244052557836	7.11335488185722	7.39006487744975
RAB27A	6.75349160468956	6.58682037533356	6.78314994865481	6.56141235629829	6.94033234895247	6.86319783200964	7.1168792811628	7.176087828278	7.13294898994012	6.99700207462265	7.46698180824747	7.52330120375711	7.10304868198941	6.82833827624515	7.23581819887726	7.12405190266932
SIRPG	6.3953420690295	7.16844096830672	6.6900160817019	8.48729543761357	5.89806756415905	6.6440504248266	6.94840326059374	7.41874257638758	5.33424262986222	5.74934426287046	6.5949221628319	6.73279808773998	6.22559024657255	7.09288968799831	7.45289295893981	7.77267917725553
DUSP4	5.45323859039246	5.29787646362989	8.7962064874468	6.31018654470848	6.06586804372847	5.39003309439812	8.02143783406794	5.37870877577864	6.10146331233822	5.4189506957503	9.00957610398961	6.21058348104183	5.22995019098066	5.71321084855018	7.45353823618234	6.16009277706989
AHI1	5.89989990350194	6.25723865145281	7.00776973899658	7.70864854476632	5.76725525645753	5.77644234125628	7.34054635959582	6.57024563251649	6.57906436239974	6.68568412465804	7.55763310393806	7.83068221315886	5.5281085692469	5.54253829465442	7.27120374677969	7.23742635965379
ATP8B4	5.83529874211911	5.99274108074054	7.15176886206752	7.83595351846563	6.3275300753522	6.10002158846231	7.12864811890792	6.75638858255178	6.53958042407213	6.37904687633738	7.01861625671024	7.14355713748655	6.57095167046992	6.2800034980261	6.9655674787764	7.36056813287586
PHLDA1	6.06293683455399	5.4016249845142	7.64967652232654	5.57142168508094	6.57665038669078	5.54635513785495	7.93683042249009	6.07873392439991	6.49049529039068	5.47247022250241	8.30651733951455	6.02128208439577	6.71043219679492	6.24358235552942	7.47101186225557	6.6518314423952
VDR	5.05365727565156	5.37503783332795	8.83974518652751	6.74340520924663	4.76608994880993	5.31917436900577	7.9334207511007	5.82933015747645	4.93191445483182	5.10284183504683	8.20243621701785	5.83244889131012	4.48643887039212	5.19500692034292	7.31304953284228	6.04069501133727
FUT8	6.36215324374949	6.8033569986865	6.90084655734586	7.1514465512503	6.40243522997963	6.55560168994725	6.71388080625014	6.98420647547537	6.67448349011541	6.86346292620063	6.7057090604233	7.03190467398781	6.51851686284604	6.65905977938727	6.92914658878054	7.10441378731025
IGFLR1	6.08096049432053	6.45594107605014	6.68213033794337	6.50059305257965	6.35880744626857	6.47041150592176	7.01954749419599	6.85092781518786	6.14833742425287	6.41420468697808	6.87728301394192	6.65181722942905	6.19653301120396	7.05971034509232	6.3007486376251	7.15222937637012
PTMS	5.91783824687131	6.25432404836529	7.26203145662777	7.0856493874282	6.11026667879921	6.04865121674666	6.88797430624495	6.7847458959514	6.00667673865472	6.0168516411715	6.81845140717442	6.80213432522419	5.82001940011106	6.70010181187878	6.70443647377997	6.85158015060347
CSF1	6.18229814084613	6.30402875243115	7.13569091489161	7.00794487553887	7.0601454777435	6.17236710742337	7.2262366316729	7.11192388106021	6.21263001216277	5.56610338670327	6.51004008136773	5.7232187732141	6.17122117788068	6.30454387693573	5.6367586933406	5.98770593609385
TBC1D4	6.48078783111518	6.28463760200967	7.03938940683441	6.12314180556883	5.98419493513026	6.23144626541977	6.83098198174534	6.97265229256035	5.61834461212261	6.43103837311471	6.45398399819467	6.47848218010737	6.420587444527	5.85702440941877	6.78969550402091	6.36115987580111
TNFRSF9	3.67110778140809	3.65600579568956	7.66162297840824	5.66419284159424	5.05128092969181	5.50655761594218	8.23323978497264	5.78927493206544	4.59865304300451	4.07998004034121	8.22113901702918	5.6408602613582	3.9860094609597	5.35334891123196	7.11376316661979	5.85629510990323
ITM2A	6.41639417501195	6.31572596928302	6.52729853506568	6.08708041229019	6.06347195541122	5.80582944718024	6.44397380492764	5.96719872354135	5.62400115511946	5.97566957687353	5.97234993895792	5.79152416787812	6.70943721432692	6.90004214590179	7.11967034791773	6.91289940362115
CCL3	5.22102901355159	5.60521244299905	7.8487851900461	5.8318998888294	6.4324558049755	5.31546410726836	7.01354685194445	6.21368446645206	6.63370904924103	4.91065068295498	6.7544577779944	5.88132805587882	5.47523453855071	6.33016859702518	6.26443516833266	5.85463654643821
GALNT2	5.27334678645092	5.62189177952347	6.34653091991106	7.29762066098872	4.99957844229876	5.25786071878187	6.9897444364877	6.03496386771456	5.50259542675877	6.06410294912172	7.1037990104849	6.90985695088323	5.09220713544159	5.72575827175951	6.37687950064718	7.11876438481516
AFAP1L2	5.48366605371236	5.54049038570406	6.91325059525956	6.6663016239445	5.592144899736	5.59613614072779	6.8679125698549	4.98239081800794	6.12409315264554	5.2829133510125	6.35960168008155	5.38689275057772	5.81571084389549	6.58649152188315	6.84508838457203	6.70372985894268
SNX9	5.288937649513	5.52767298251961	7.4075040513125	6.0745460134217	5.14113051440793	4.90282622139996	6.91969403485758	5.44918574518776	5.81166311727013	5.44977595128485	7.73004466560455	6.29823326615044	4.9877491782538	5.62401282593804	6.1904946264388	6.29298910289777
UBE2F	5.52448282841739	6.14946208810886	6.72804516338405	6.14728273891146	5.76430759758657	5.94055609968081	6.39660134792219	6.4741619870516	5.46290486367459	5.94954544645788	6.1053702745657	6.13138750734724	5.43567172574463	5.98352441104854	6.28125296011688	6.22657531004489
MYO1E	4.66893817891295	4.47934301418167	7.44433476318977	6.99149376347023	4.21540669838161	3.27407800184827	6.75522359802906	5.37870877577864	4.83525826220109	3.22750888973804	6.94051280626648	5.60587942251321	4.74393525783676	4.82904878047024	6.94184929317277	6.49848502327159
NDFIP2	5.41901008075431	3.82005169171313	7.08336254691005	5.02724095125885	5.55111699001373	4.02116614726352	6.90512230075847	5.10211056066768	5.45895420684274	3.60149823668585	6.66297733871345	4.21213587638165	5.77887531567697	4.521470739485	6.76807051390306	5.06625680541376
ICOS	5.7670503564105	5.47773449935498	5.82874785783615	5.76066044553811	5.40547392210501	5.29224503095633	5.62773588503413	5.56720056659169	5.85499799570701	5.9369083543261	6.03319799226901	6.27350165251819	5.68751066441665	5.22504618211998	5.92149474139879	6.06957838639475
SYNGR2	5.36691114732109	5.42945473934536	6.57747419093099	5.74140624631581	5.42924181460108	5.60102105491257	6.10625519408423	5.56271213295741	5.39339875631024	5.33612954728274	6.03445182034373	5.16225270412786	5.37756034621188	5.855468138902	5.38674534515901	5.41505907133869
CTLA4	3.94920487807569	5.04479693770563	6.33014030911095	5.35739613806874	3.64805403797973	5.01779385765123	6.28700226223512	6.23882144214926	4.7627579393239	5.27719573502492	6.96175729040814	6.36998172434834	3.54027141318019	5.01526165509347	6.0643689964293	5.67332940709349
SNAP47	4.91205502813175	5.19826881026043	5.9276641007319	5.50516280294168	5.69634135515668	5.66189581960447	5.98474158110155	5.61319476123667	5.61053047410578	5.44383350941401	5.52138127129999	5.11446027175457	5.27995688064678	6.13188656710816	5.37248533732622	5.60723155462871
INPP5F	4.48565178850523	4.73209753491172	6.13019626423276	6.28098515277601	4.72119310564582	4.54932576004414	6.2310221117623	5.27198870118364	5.05531614246748	4.73269394712403	6.37996528445027	5.62929396808083	4.34667385156909	4.61518826204673	6.30968596358427	5.60854426592925
ACP5	4.79682388936541	5.36426424729024	5.26775466001756	5.4085985871728	4.93987077931605	5.41936715630368	5.20471137428377	6.20630383962194	4.86661210928157	5.4865782031228	5.07903971251853	5.86027942045091	5.3522848980752	6.12501363726079	5.12763846344843	6.07433655895373
ZBED2	2.59967071799682	-0.283497827990571	8.43314066699712	-0.866088318985863	2.7159947723388	-0.667619467708302	6.11375418419204	-1.36306075389384	3.61918128373073	-0.531860061002969	6.89602739961593	0.51657595366925	3.18315767772311	1.26735529786963	5.59350232010242	0.932801304262017
RGS1	3.20003508972188	4.47767791515529	5.75247737968355	4.94903439869104	4.70386171509828	5.58877761596603	6.17397791587372	5.9397690916138	3.61918128373073	4.64217709603001	7.33252249301828	5.81213163794942	3.36264519337211	4.6298280712293	4.89280719636076	5.21844726688011
MAST4	4.58301697738194	4.84230796809475	5.52920664943995	5.70029745784671	4.59857293540784	4.68893035428763	5.19295941952385	5.08611478540296	5.13076070306115	5.54325862273248	6.05621923700092	5.89725990025627	5.00190498525689	4.99089696506516	5.36152516985626	5.73713139099334
CD109	3.14398507264103	3.87168047004289	5.94182343649887	5.5793298123939	3.08701411023545	3.82427067998389	6.25872009313921	5.17617842805739	4.04311706151015	3.59844458601082	6.42655069569401	5.96652469771202	3.1046052662437	3.53003224276144	5.67100856061286	6.10628251596612
HMOX1	2.38433621011515	4.77204363756107	2.51894171133591	4.89091146679339	3.30822572644679	5.26941345081828	4.98789266999592	6.35165352087911	3.37605716539309	4.95906986577017	4.25204690226148	6.24671752076969	2.50220319914516	5.69823999551238	4.49294727165581	6.76004125249329
BATF	4.93865659604067	4.63832986265709	5.16135314048658	3.74408595032009	5.09260290276161	4.86981338146082	5.84605350308624	5.02776003017042	4.8019607987066	4.42667545948646	5.35371975655949	4.67603095254802	4.61809938589434	5.33782846126248	5.15962676720315	4.83572672104045
FAM3C	4.09034326601464	3.87168047004289	5.6184092723802	5.25743273938252	4.43520127943528	3.74483978102665	5.68255130027978	4.39140349977116	4.54599376127624	4.1895592293194	6.10118813937009	5.0784590429149	4.66538635068062	4.13859359340853	5.56033684628941	4.85244361581366
CAMK1	4.51246181179261	4.08574159129127	6.6616907362189	4.32498659961082	4.633453235013	3.34858363276854	5.8947472760122	4.12009466126161	3.51038990774312	1.38766622722242	4.68780969011235	2.45199905486633	4.60816842433827	4.49506061912301	5.45407138616204	4.5733734022532
AKAP5	3.4485566611675	3.37753675948951	4.13964052264008	4.81368476168397	3.59152394424231	2.81735466398187	4.62478933153434	4.83703807407482	4.95566038137566	3.7492398729372	5.35673004520587	5.75701667185305	4.51101136946422	4.57414551816693	5.09078291718883	5.99022589397633
PHEX	0.741993723150378	0.71803583362546	5.09717147155711	4.46246321179197	3.0422883320886	2.1250167004081	6.57862176187594	4.34137016231312	3.54359884879656	1.79223133463277	6.35659738358878	5.1599577340097	1.18404935920754	0.915667597879736	5.52577747613592	5.18979280306274
ZC3H12C	1.27473807337837	3.23105200753123	5.23650639615188	6.12988824087334	2.19202231241093	2.87091651006288	5.16676312850992	4.32177165614383	2.49933420606459	3.25103484440725	5.57147485664808	4.98172130885445	2.16550864085477	3.68760155837267	4.40760952814653	5.27905810315206
NAB1	4.26692291048661	3.87926786791907	5.77341160340752	4.38186021806388	3.94563007363623	3.79685810154891	4.82587406863324	4.26606683811378	4.08678211476124	4.06457235133295	5.21684536841732	4.50756418617983	3.84574484913095	3.78455964706701	4.82261302921434	3.93642049732128
PDE7B	3.73826525575636	4.56181145436427	3.83089906776055	6.38428238401541	2.96223414671075	2.91473485201436	3.70303842229892	5.17701770333372	3.26459505859214	3.45049447066433	3.22432955355661	4.701502159999	3.38608178408694	3.71532156023772	4.40093409404772	5.66893197500588
TOX	4.44602486209972	4.91792950303879	4.04279038233302	5.19789502159746	3.72688376616295	3.83052336937618	3.64671490446585	4.61596850693819	3.87777471770988	4.26852804086547	2.98592782352415	4.06044465492206	4.2404687858948	4.63709264080349	4.3615953708325	5.21414209599683
LAYN	1.90698886099718	2.5520280006444	6.63361611267868	5.47933349471087	0.73169210973828	1.06049302167654	3.62121846668929	2.49791928928098	2.3017512080637	1.23872508395826	4.07571207613728	2.54638949682897	2.26276658359871	2.61234982079029	5.12763846344843	4.38858920678825
ITGAE	4.57879502850882	4.44567032110239	4.38994860099428	3.10924482475982	4.05097983204822	3.45493921308744	3.93895829747581	3.56234709756065	4.55933987193387	4.83483154356663	4.09986767737164	4.65010194876468	4.1357294902625	3.7603698515316	4.02900549902447	3.9132370217368
GNG4	1.48185716952329	0.39007039704198	4.0736597953532	5.08947682549542	0.855039514411272	0.362682889391394	4.94556411155702	3.38775007088071	0.919210941520437	-0.643107881984749	4.79969487769866	3.22375694577667	1.12159278590507	1.06677436128832	5.7789498092402	5.77970513361438
PDCD1	3.32628661055288	4.10959076762399	4.93144180664479	4.67910445135706	2.74817877949599	3.31032117782755	3.1135860133694	4.77408882887936	3.26821180041875	3.72143871258304	3.98783274014839	4.54849358101895	2.30553500704817	4.27833476591495	2.63090279096862	4.68210840999745
GOLIM4	2.31833971674241	2.93840749700664	4.22171814656417	4.16428005855206	3.36380978173168	3.57151668185363	4.29612220978208	3.19902596707125	3.46383668519359	3.28941181542559	4.65231584525994	3.85447344890253	4.07933644477593	4.42683940799164	4.74672368942861	4.25078592760511
DNPH1	3.73573926268556	3.61114524335084	4.18498793173376	3.58821834161161	3.73493648939382	3.54133877211233	4.59056266712594	3.63744221213145	3.93350264355409	3.47401083308898	4.42454089351098	3.51704043668014	3.64667254419934	4.07404149099532	4.20792615065193	3.95511554841989
RGS2	2.24917886227326	3.22312361221155	4.80256122411627	4.81256699022782	2.83689860909651	3.08827512373581	4.23478166688714	4.10253224052379	3.19789359051917	3.43688241624411	4.82019502433588	4.89882089083965	2.48369982661746	3.131002378545	3.23385342502991	3.98776454598603
TNFSF4	2.80638836397835	2.20283606472575	3.86844658971423	2.23534854893391	3.20475769864811	3.0601718516887	5.03780117193229	2.52980602591468	3.43516620342353	2.63451790106423	3.80008516180366	2.79734651694221	3.71171729089077	3.57863288364155	5.01149410558717	3.96539795397168
GFOD1	2.98716457579364	2.96717298196469	3.51774436140338	4.0905735846449	3.64805403797973	2.70386882001474	3.64211257814547	3.88145773994759	3.35240001180259	2.3738064573872	3.52119707610619	3.57675629596628	3.32156058511477	3.79542234373293	3.86795031260837	3.94059593925744
TNFRSF18	2.06826641649058	1.68456795363086	4.91807522958337	4.33747499185645	1.8724709504114	0.708812634258211	4.75090888258973	0.196844602366127	2.29467547492503	0.329176777683259	4.97448412951659	0.51657595366925	1.82686606021017	2.27008374294449	3.57482575322763	2.43092939763552
VCAM1	1.15884306206167	2.02272824048159	4.53826676860818	1.63086463788014	3.27547465772389	3.58143731819417	4.84402214855242	4.0739799529579	0.518783567601722	0.73720144251765	3.49228906831094	0.82543094413673	0.970318413198706	1.95834110131714	3.59133808307153	2.46030856915836
CLNK	-1.12498244729249	0.740427228718455	2.66692199117277	5.35432688124588	-0.599281637561231	-0.490905391644885	2.83177358806996	1.29316743692526	-0.95433713795128	-0.33220211382335	2.26875098584966	2.88332606072124	-0.890693057316977	0.993198426648127	3.46902373114965	3.91111084199695
SOX4	1.99411361427088	2.25819971015103	3.67222496282165	4.58666450965691	-0.0364434037769556	0.846814955291801	3.30625511691526	2.77123680372927	-0.95433713795128	0.759244761831442	2.1718093490669	1.61009548001066	0.781241273151806	0.74686222643815	3.29849293815809	2.4249810813389
KIR2DL4	0.122795007688754	0.847450231450022	1.07775018445146	4.36365923641776	0.486658707320781	0.0274443348325028	1.81118461489483	1.26818015196005	2.16099275207782	1.57330821293971	2.56788821489836	3.48072303697174	0.760895816685495	3.89372199017605	2.00685442304264	3.61189688181363
ID3	0.453113006775088	0.272070144819091	3.68280184639095	3.31268774929796	0.119319978951399	1.03183785561931	3.47878223309842	1.10842285358208	0.804337488884747	0.386950701474808	3.4959344057568	1.37705489473295	0.388994005105636	2.12606267023293	3.58428449936104	2.3134913171179
PON2	-0.04080311365673	0.0390439272007321	2.42630662935441	3.45128657207889	1.18396547786651	1.06049302167654	2.84785094006067	2.22027792560253	0.881926925963843	0.823423178338103	2.35156129055149	2.80324067660063	0.916150808401994	1.02308056356416	3.23084531564576	3.47178300091335
SRGAP3	1.87979132271177	1.79565736935397	1.29186279581363	3.56716398057552	-0.00928677405612434	0.139127384062487	0.233455661731029	1.85952543783263	1.29036902369983	1.48347114909803	0.871567979480929	2.28513528553386	1.35666959385127	1.73280368093934	1.86660649135665	3.82112424531247
MS4A6A	-0.392133157523791	0.20924158279265	-0.0777109899648381	4.56691367952789	-0.48264154665422	-1.10321801111763	1.67363368474989	1.05098155024113	-1.42918117404812	-1.58922511260311	0.123555269964084	2.66118143870961	-1.74327488739336	-1.08932023198404	0.162127782755399	3.15348473027499
FABP5	0.0595640965312122	-0.283497827990571	3.06318453194644	-0.703748723223296	0.387976505557609	0.267573009469394	2.75712237989742	0.0579559606186405	0.281717363996659	-0.531860061002969	2.6746724487519	0.45800178024522	-0.040155253095414	0.782240438152531	2.66250229914522	1.28775456098228
CD200	0.351185192270001	-0.476581394587558	3.07608001726678	2.70411291200186	0.214540246945129	-0.98138305113961	2.21605510707147	0.248860594326212	0.130966297337354	-1.48190768968537	1.55581691377168	1.0601259660339	-0.403632282298958	-1.37085641851306	2.5366068921742	1.99001487085272
TSPAN13	0.637616623223367	-0.113231871932423	3.27092718318679	1.43559189492164	-0.682633686830742	-1.16822449478741	2.23451656333827	0.484051568662856	-0.496017536910801	-0.965766933348603	2.51137802457419	1.27894932289622	-0.600146441036281	-0.207964133543872	2.31592046448062	1.68618136207148
GEM	-2.15168056123265	-2.12143710503676	3.17229390496952	-1.18531537826948	0.631726974481659	-0.260792947650324	2.34625329009939	-0.899600608623129	0.337867245196631	-0.763656319430275	3.81766976163419	0.123067107131027	0.632402289270377	0.382051832046936	1.01458584509678	0.364831031489374
LMCD1	-0.483358229399093	-0.529178762644412	3.01712038396248	2.09529945683355	-1.38773232602763	-0.00188162272151915	2.27074551578333	0.82975387456305	-0.0735605042563473	-0.643107881984749	2.50415603692252	0.936861718238087	-0.709447785489694	-0.207964133543872	1.83525971507181	0.982248089256597
IFITM10	-1.12498244729249	-0.239010713018087	0.158865502647272	2.75620333619172	-1.45942832064696	-0.869040564811812	0.350923159360362	0.248860594326212	-1.09593456716491	-1.38202351701709	1.40887275651394	0.51657595366925	-1.02555250654254	-0.140159785628319	-0.0556313129137302	3.03741943786895
TOX2	-0.857545998056005	-1.1987454319957	1.23550338955641	2.68469472717439	0.447991994439128	-0.191580440981968	-0.126025394055961	1.67222045764043	-0.545953522383653	-1.96942728127356	1.09951493141589	1.20963164174627	-0.600146441036281	-0.800540177226841	1.38304547518858	0.773398996370513
TNS3	-0.348596367230157	0.272070144819091	1.36724072772803	1.82073098934152	-1.53487449090432	1.82445980029096	0.673112111567174	0.371243445495988	-1.62996561728343	-2.48714530379596	-0.313457698645941	0.00528585286834123	-0.890693057316977	-0.140159785628319	0.61394535106147	2.39486596338311
KRT86	0.453113006775088	-0.476581394587558	0.856440688427418	2.86372011999414	0.167715557371081	-1.16822449478741	0.0510618296660484	-0.12854878415932	0.444007754821573	-1.03995993332922	0.365927689354463	-1.30033802239614	1.02252561793875	0.595977894758154	-0.210568701703802	1.06107012902351
CHN1	-0.265276475850851	-0.529178762644412	1.89692588799964	1.16834324489271	-0.817451659125443	0.744570384578689	1.06567792604521	0.142882813584427	-0.0735605042563473	0.299398394548679	0.517086936146727	-0.0789407039945628	-0.040155253095414	-0.279113010219198	0.235999385584416	0.0920130955829509
SARDH	-0.740379257109308	-0.963412281719066	-0.627306689264031	-0.0229057753366653	-0.771098309845116	-1.04101479954237	0.708761468267396	-1.21478860040584	0.824129545056525	0.572679100236728	0.979661801222417	0.999809908165745	0.41526801143416	1.20354410966503	0.30627200860195	0.635968001399893
ETV1	-1.2799277162021	-2.2927341938674	-1.60626815102162	-1.11556869556567	-0.0364434037769556	-0.296685548095219	1.58048951467868	-0.267788080040457	0.0659599237392756	-0.379586377500426	1.137350997256	-0.036212854791905	-1.864467878193	-1.22323161171872	-0.624493361956524	-0.363234422587311
