	HD276_Trest	HD276_Ttumor	HD276_Teff	HD276_Tex	HD280_Trest	HD280_Ttumor	HD280_Teff	HD280_Tex	HD286_Trest	HD286_Ttumor	HD286_Teff	HD286_Tex	HD287_Trest	HD287_Ttumor	HD287_Teff	HD287_Tex
EEF1A1	11.0361163137721	10.9221878391059	11.8462615463267	10.5367732195309	10.8573474713486	10.9285133789017	11.5059466491275	11.0857647750075	10.8906636639137	10.8368813639252	11.6286739830301	11.1603554093393	10.87713042807	10.8386241701007	11.5987399185768	11.2440325288975
TPT1	11.1651546359685	10.7200725998991	10.6467326633503	10.5244949238881	10.9447546900525	10.9527797248114	10.412309457092	11.1658698395306	11.1394445895049	11.0877828784878	10.5964093858611	11.0658955006761	11.194893696478	10.7054310539399	10.5326993143314	10.8554625998839
EEF2	10.5321719986416	10.6451670903632	11.1805240795539	10.1901196016941	10.1644830303894	10.7123813510546	11.1070745863731	10.7693130348452	10.1781437081555	10.6424362092731	11.3143635775562	10.6646473228158	10.1833305425278	10.8276697835655	10.9431488793404	10.9853520924497
RPS6	10.096437877597	9.83155654518018	11.05806170558	9.63335360812878	9.68315539676895	9.79439783211063	10.59439518081	9.93198575869612	9.74302556523058	9.60322187188001	10.7116248233473	10.0879105190474	9.77471280305168	9.73775981583985	10.7108006445459	10.136951414079
RPL3	9.99645086041921	9.87714897112771	10.8859539574271	9.24563564964846	9.6536577350981	9.84902738547109	10.5674744667568	9.83820599969512	9.70416872389989	9.74239085996652	10.7018433467899	10.0067088646557	9.78879437212001	10.0131857365634	10.6309556629793	10.2468808797278
RPL4	9.95514422545969	9.7700088572686	10.9198375867136	9.40842139243884	9.59493359938606	9.75552802455849	10.593929803969	9.85459332726769	9.70191401620656	9.68808098295227	10.6693480353175	10.0176820180911	9.65013798405813	9.62411042688472	10.5973364486024	9.93470637400436
RPS3	9.84713668546485	9.88061832294613	10.695108946076	9.58863079411454	9.57716187989985	9.8868642398604	10.4116547180825	9.9702836949535	9.59698196548127	9.70144000727086	10.5240558707884	10.0289653770343	9.63606890406499	10.0099833408743	10.5041359262907	10.1639042269255
PABPC1	9.91826999320302	9.75874105677527	10.4392060979468	9.70177613910932	9.44610938609585	9.78046986523499	10.2012151924038	9.75275723924479	9.72935580884896	10.0902467000759	10.4111293311517	10.1100355548655	9.65022440555613	9.51723495250429	10.2784438905657	9.80190833440466
RPLP0	9.44022647412317	9.4300478101936	10.8737880322457	9.10885245428887	9.12238508843998	9.46632333215287	10.6590352838589	9.51055864940547	9.25341598631864	9.19459610095417	10.762189015621	9.89622585798189	8.97233598496046	9.38531675992217	10.6155779734706	9.96944450613944
RPS4X	9.59561630596297	9.42837867419047	10.2309831355074	9.19302671088223	9.34031280008383	9.45473255708067	10.013446760075	9.67334762039748	9.41701413551603	9.34405691298627	10.0917348938931	9.84754543653647	10.0082993605513	10.0259823529469	10.7898786458494	10.4195720433566
RPL13A	9.28442938526548	9.63991756160793	9.95405612259264	9.19109267259816	9.14068552641137	9.81257529240276	9.87682813302416	9.81217369752133	9.09239032894728	9.62537804315832	9.92370133248024	9.86023488329988	9.13605384753322	9.71966083702988	9.80795412744241	9.842917801061
RPL11	9.51449698464339	9.56058825473577	10.1229908395946	9.59924347149664	9.26831976173978	9.45279167531336	9.67179122048457	9.54343183388431	9.25444202874631	9.36138648576941	9.84656847628896	9.56846150353219	9.34193349203156	9.47042888279278	9.81566041282869	9.62499177442817
RPL19	9.41976766306622	9.39629256402938	9.97292418408612	9.33451618398125	9.05854821275292	9.30701310839383	9.74219240538761	9.45662852553647	9.16863212327106	9.21024599003523	9.92670080804792	9.51542370900788	9.20197426045601	9.2929518132544	9.76496386909495	9.52990282565127
RPL37	9.30869165880586	9.39530067757986	9.77688353310417	9.64317200506387	8.92210519948239	9.28351408384919	9.41721985661725	9.4682457107997	8.96454146936377	9.16690626465138	9.5345688611995	9.39368363776709	9.04176904094823	9.31222543040191	9.48495413438919	9.40042239289358
RPL28	9.09016797968431	9.3349062268328	9.31545095672214	9.41897200622233	8.80124365657179	9.36330790496814	9.36165945176324	9.18865632681118	8.94913344671165	9.33983465778889	9.40509163306557	9.31342178633515	9.03985730541077	9.71272969592922	9.32551533055013	9.62843346071756
RPS18	9.16524145608897	9.02084484509615	10.0241978852085	9.13524479004452	8.72685710595958	8.95225851390545	9.62565625209783	9.01706889146113	8.54814241701888	8.56828555728513	9.72433622835717	9.05649551591808	8.883232236588	8.8919874348551	9.76112467096848	9.33521522247712
RPL10	9.37790791480549	9.37134454030059	9.46238344361309	9.27149202122627	8.85505299757596	8.91890368511537	8.89440896609426	9.0724700897216	9.15288367640176	9.16232534447814	9.2708393897643	9.30779654826573	9.17891671167348	9.40402371427429	9.31769513213096	9.44248068306798
LDHB	9.03306437100916	8.95938505624342	9.89586776014708	8.96107488389361	8.6994705468147	8.88093615580359	9.54601958876592	9.10937440334575	8.75987816926072	8.8499771592208	9.594292475102	9.0009210739735	8.87615600051295	8.79376856214108	9.77538864267235	9.1045814827061
RPS14	9.04713978099912	9.07814572723741	9.62529348957802	9.1191735890594	8.82412978523888	9.0188521392633	9.3284752361033	9.17380702547618	8.8857275088733	8.97834086900464	9.46600675855354	9.24915729591132	8.86681545428635	9.07239920133824	9.38168850843895	9.22976325104772
RPS8	9.23033396550045	9.05732439292328	9.91449782305479	8.86857564269416	8.64635911359062	8.88557289545846	9.46413458445639	9.0479630518094	8.64347335759145	8.66577815826853	9.47924589292529	9.11808475485054	8.69658745918963	8.88520291281536	9.48877593905691	9.18888367521294
RPS15A	8.98647992049341	9.13728407259977	9.39491385571437	9.0816783458357	8.85493754330253	9.23056599700088	9.1393613772684	9.3052276014133	8.77870133641589	9.05788827122091	9.16269235405494	9.20510738219505	8.86629475762848	9.19462553560689	9.2761226374984	9.25785140583116
RPL8	8.88704688149103	8.86636976605646	9.90783558685238	8.84067750952757	8.57469716855601	8.92506457504816	9.70174810912929	8.86542038809296	8.54804944125566	8.67731073600812	9.70167724371988	8.88533878443321	8.54197296775432	8.97722127270164	9.61509323014478	9.22131485622728
RPS2	8.85285331597134	8.65583147272583	10.0156993825521	8.47127040426588	8.38695747002371	8.60384690110248	9.8838503521531	8.45712425985549	8.56560811957417	8.50201627467801	10.1409841414822	8.97700256147586	8.44885990625812	8.7229917283651	9.73047033226044	9.28288735970597
EEF1G	8.98919984203209	8.85302576030257	9.79734741539438	8.55703336746467	8.57371534384139	8.82996418485231	9.548942131335	8.99445341113578	8.6917405675576	8.62049184669923	9.73676175923653	9.14233689792805	8.67245254562547	8.84132422549042	9.58378974914138	9.30126911617263
RPL30	9.20081866319666	9.09011443439712	9.37034157144225	9.1384822633948	8.96060018993367	9.00227334123786	9.02061019536411	9.16044863148427	8.94165042309818	8.95465556325283	9.16319394258289	9.10561775501743	9.10776163949983	9.08108125604561	9.10129391120211	9.0890895662814
RPL18	8.78047989296998	8.96719370489558	9.34405300517969	8.93646521458083	8.51398724066786	8.99214087443276	9.19418153360114	9.05671050432413	8.503673899439	8.82194224912564	9.22304657122605	8.95441991625563	8.54727292785453	9.07797062906562	9.09675730927086	9.22923000654873
RPLP1	8.79995587656405	8.71506405159183	9.27250646471322	8.80571346241432	8.40646797937059	8.8331464779663	9.45239413104932	8.94376033540989	8.50597326076735	8.53593047438546	9.50852659085036	8.94236883021382	8.27583157589438	8.9280331629339	9.14464402951929	9.44317060382116
RPL5	8.9024726537318	8.54461926519893	9.87191897712461	8.306958876899	8.52091693100789	8.59224095523355	9.39875172111584	8.81009493000898	8.60296413114782	8.5987852999953	9.56265005295579	8.88984659591043	8.62715773546432	8.30267136810774	9.51072169791521	8.64663996350149
RPS23	8.96769921057996	8.68678800667124	9.69771072104106	8.62864507378335	8.58336428545807	8.56523441393242	9.33944399997382	8.92589735366646	8.59587576181647	8.48382490690055	9.36647218302595	8.92473510584402	8.52057625258918	8.34635421397524	9.2643103753064	8.83757642197221
RPS16	8.78407532215738	8.62532453112648	9.44610060017076	8.35947169398881	8.48898429110906	8.58901751688307	9.24358075641971	8.66792768081403	8.53806625262282	8.42535757249665	9.35466301610899	8.70897735173472	8.52699100360096	8.63887012241315	9.15613606018668	8.87446427479058
RPL32	8.81827735666716	8.63665384719268	9.4030124845046	8.8294621353362	8.35163421615398	8.51799300128888	9.07369694864853	8.6304283813289	8.48543721333059	8.45973328029326	9.22647906599449	8.79311047677934	8.4872937562118	8.51988027381646	9.18104240573917	8.81088267505366
RPL31	8.75084207451709	8.6886784212099	9.28947467699053	8.88992933416126	8.4418735512889	8.62483500457792	8.9080708150157	8.75972358406432	8.45917608408493	8.53073371032727	9.04725255088828	8.86135060927459	8.59734711338846	8.67196063112072	8.97659148935014	8.81756708542213
RPL13	8.77787334727832	8.69478282191927	9.19879264724419	8.41971495409047	8.41886138157517	8.7165914055342	9.05985260671375	8.77248225626378	8.46144868419529	8.46403875456062	9.00150462121185	8.59393559039368	8.46034023747427	8.88132077385722	8.93300928221536	8.99398057633385
RPL26	8.60423778568933	8.6418672023152	9.31545095672214	8.63900789249857	8.44402423391843	8.5581087022018	8.94561472328995	8.73841836875012	8.45332994775938	8.46686706616367	9.19927688072913	8.91217676808869	8.46398293357516	8.4233914410102	9.07647841287092	8.83175726875342
RPLP2	8.76182406699835	8.70442526881686	9.07973950765393	8.64937506585742	8.44202727784702	8.65656228101813	8.97141196596697	8.75670920223761	8.19727632658089	8.23017073236421	8.83322419613585	8.42909228589951	8.37087622407954	8.85566682821413	8.78583797777737	8.93888803580262
RPS9	8.54451315711399	8.48919210707283	9.05017609289292	8.63324237696185	8.13445069905623	8.49537886682662	8.91922890846867	8.414614163989	8.13215609061854	8.13314262761816	8.95905324238011	8.41508748166853	8.16140337505216	8.61607413089721	8.83656100317768	8.84253569267309
RPSA	8.21826321927145	8.33553446924521	9.35954573430884	7.99959681279476	7.90935467346479	8.37915467237602	9.08661600543541	8.18367883586935	7.74943544890702	7.90839520583426	8.92091869862166	8.36677612804018	7.9201397254227	8.39804791419947	9.32798071627629	8.82598508394721
RPS12	8.43773422388776	8.24066917423153	8.85502344288313	8.09577102518527	8.52687169947839	8.55622351368957	8.92225710680875	8.62066793005102	8.32800118197455	8.18533706722172	8.84103773037632	8.37916063149026	8.32624744858318	8.48289576850415	8.79808368337858	8.58737362851565
RPL10A	8.60146564363434	8.33518969618888	9.15573579870401	8.16517444758946	8.11934243142207	8.12290594834718	8.86564259757808	8.19252529844582	8.21670900781282	8.10490829384247	8.95193790478047	8.41460627322701	8.33132283690604	8.33699809960181	9.02997033907128	8.7162568606007
RPL35A	8.36287779167321	8.40573263846372	9.12871995867198	8.43095772440737	8.17691043098442	8.27306428770016	8.62696489665755	8.42215549167441	8.19929061975187	8.22250532055024	8.81117331816167	8.44602667822129	8.23585009906552	8.29532432451052	8.76116057558174	8.42372880944029
RPS5	8.48493766276855	8.25859724540641	9.05415305944345	8.22205608113427	7.97488803165362	8.1683523851131	8.84620386387795	8.24198997402068	7.98236198126831	7.93708236125294	8.87765033989575	8.35189868484124	8.16866137447942	8.47041034800867	8.84494660117012	8.76224595799959
LTB	9.03383567184916	8.70780271250907	5.94753620550673	7.03981725594033	9.18448164509743	8.51419456095662	6.04438134469622	8.00674856475455	9.37008407378331	8.93209178078494	6.16325503571303	7.17827231029361	9.39550035431003	9.380320067438	6.31253425412694	7.7557468734981
RPL14	8.1435281748209	8.26777954311761	8.88716236368061	8.29550307586614	8.04285375973514	8.24992466945822	8.5791615820706	8.37648732021943	7.99714860040105	8.22634311749063	8.65832937608389	8.33661223198601	8.00124414777868	8.08388409549903	8.57125041405293	8.30739716737853
RPS25	8.24748275753277	8.05201456681146	8.86335802483964	8.28808312400496	7.99640131843375	8.04752322392196	8.55472904191314	8.29591230808361	7.95807570057063	7.9693529166084	8.60900348364232	8.28291782281122	8.10627636286708	8.03968573753467	8.59922033555767	8.43014636244364
RPL6	8.2954402692608	8.12270402599628	8.82005771401102	7.94721210286225	8.01811415832366	8.11289436462617	8.65885422026446	8.30352219963994	7.97891744311001	7.92981203306018	8.54600244315047	8.22316850487482	7.99281796947443	8.02337686849396	8.7128621951298	8.21357381046486
RPL12	8.13540610786888	7.89292208927107	9.13335427334192	8.32774410065801	7.62489508484166	7.63042271877008	8.59777538680908	7.79647026889983	7.84031536406029	7.67974614147871	8.90566930947654	8.12525385310781	7.91252230244009	7.90775105367565	8.78186132979039	8.37712215950357
NELL2	9.16770322958878	8.31900795268656	7.54646328243899	8.28355226071027	8.23306892694724	7.71720294104019	6.7753276977136	8.39536120168099	8.48242388071899	7.98361319879338	7.09961231135329	7.9691811538052	9.16355972076513	8.55769593697131	7.60294068024997	8.71777820640734
RPL38	7.99829348854928	8.09269566599407	8.76891718210382	8.20969067192643	7.76837383803537	7.96396007652537	8.36833377857127	7.96228613123987	7.90795134213618	8.00394965450949	8.65476685383037	8.14772285827602	7.96474054772946	7.97104018535083	8.48700821791804	8.09050175287491
RPS27A	8.16340058240698	7.90536196460777	8.51355012140403	7.65602638832098	8.05637222688111	7.98197751701749	8.36248775734421	8.17981101204547	8.10422536661385	7.89741108723877	8.50045490276535	8.0880162076999	8.00015966036801	7.8499183909537	8.44657806130995	8.06658266658636
RPS13	8.0392002087944	7.81264404184932	8.77337769074313	7.91645695272528	7.73212339454349	7.77494492266121	8.44167267098226	8.10174148966198	7.78584651725721	7.76817586363433	8.57084280116795	8.14743328453928	7.78089221755806	7.53936137166323	8.47020679569778	8.06119971035138
IL7R	8.94313880322975	8.23439680825845	2.43634256857945	8.24481695425804	8.25116671618586	8.0806883167376	4.36057461718562	8.33807606255615	8.54441870485703	8.45203548568185	4.99909603457782	8.73301022940032	8.89575144458934	7.63891252682471	4.7061449455993	8.32397365556396
RPL29	7.78228942908803	7.85334137253556	8.42945552143279	8.05287002350743	7.37296617127462	7.78557756853175	8.27499181314704	7.79947091845741	7.49293286219081	7.65846129720688	8.38356177910125	7.86683711219013	7.51787079225619	7.92306185599791	8.20787534064104	8.13217080268558
TMEM123	8.17089959897182	7.50296150828005	7.45671382964025	8.56759031451207	7.39901428646283	7.30893120437374	7.27999423247649	7.42546804581534	7.94189060749963	8.14600991026126	7.85185848045162	8.06228782183084	8.48137983601823	7.10516510283491	8.01075830010313	8.1357033197106
RPL34	7.8720036913944	7.75881801941216	8.21202026829286	7.95660320392162	7.57977979558546	7.63876055930519	7.69803999209894	7.8487598056501	7.62573233594448	7.57061983212293	7.94847218257314	7.81326355489635	7.67410344028321	7.63906329342753	7.96623436300473	7.78434204913472
EIF3E	7.64044408863266	7.09350205952688	8.50150187685452	7.80551604567482	7.24823587095553	7.45940907048682	8.09621375640864	7.69362936621593	7.4446053654145	7.57159338292824	8.26546112249481	7.91032342282684	7.49148772603792	6.82622116533587	8.22696642235305	7.73831370040266
RPS21	7.69331151588306	7.66774015927616	8.29191672296674	7.65150123164128	7.35886826231541	7.65176629236105	8.08099168040918	7.50097333800344	7.38046952288121	7.29738014663931	8.16314126106811	7.56422667823332	7.27363547376869	7.83459698322395	8.03725820840204	7.97794804218328
RPL36	7.37222285300586	7.65379907557833	8.3076347497347	7.97082675010138	7.14285658494594	7.62233676262999	8.13716257380878	7.51365281966953	7.0906794642418	7.36340311591216	8.24286025139502	7.52709028329241	7.18717378092769	7.78695140669718	7.934691549899	7.86069264538671
RPL22	7.78946236923043	7.17230641460981	8.34648762328444	7.4337946561387	7.21479759462501	7.22459855591331	7.93012099047954	7.5895252013982	7.36830435599436	7.34643921651769	8.10823192070706	7.68606005099654	7.5104634872779	6.95048111678839	8.11507888469858	7.52774120229987
RPS15	7.18654952144016	7.60924903276022	7.80467542401907	7.62579920875113	7.00710394358912	7.54031350601444	7.79658736051272	7.44458737669799	7.04739713259786	7.39079921121743	7.79232950505959	7.46011670964944	7.0174694737778	7.81831246852697	7.74597131192283	7.83456732583164
TCF7	8.31344470786789	7.62832300582967	4.97340118501867	8.60809612186192	6.23758190046621	7.3005099041467	3.55665674496173	7.94082796573001	6.62068282598987	7.25728247979933	4.1948824994465	7.16631683598682	7.93156208392406	7.39827617502679	7.60642646923045	8.25502718974781
RPS3A	7.28723094877897	6.88978465646099	8.12888951310739	6.78588562442961	6.93793625263544	6.84581173938638	7.70205307685952	7.16851182165523	6.95336471075339	6.7296100331593	7.7667191866459	7.17543474207617	7.06284254871459	6.65995160496723	7.85035297193977	7.31123560184617
RPS27	7.39901054053207	7.51782338351607	7.05045793536099	7.75229508702834	7.33704643387355	7.39758230986249	6.68144650817204	7.63848482559441	7.15850846933548	7.19950721006208	6.81808743626168	7.34159080366407	7.25079219521942	7.48470581530899	6.88796831786531	7.23445349792605
RPL39	7.05139414710447	6.5167965485738	7.6007367426634	7.11110253810716	6.97346643433744	7.14530625788495	7.30786638273593	7.29450898316642	7.06153517043589	7.10342131077269	7.54229042029263	7.44370166478558	6.90463424221364	6.59553165331309	7.38059920468052	7.12244470857641
SATB1	7.71591554200699	7.22113939030981	6.98828932128266	7.6892917228908	6.79697592373376	6.60233201999141	6.34655996850048	6.92598670059153	7.08965779673141	7.06411693654593	6.53948144952367	6.84061556783102	7.47382243281172	6.66765775366178	6.3645811155228	6.81821370028213
EEF1B2	7.11108351184134	6.53971972753363	7.78321053850707	5.85053544916537	6.44876587062386	6.43733540441001	7.28110471802789	6.6352023992003	6.66353940448231	6.32880126816289	7.44428481726803	6.81349485911415	6.72593132748397	6.56411668503721	7.48748893593841	6.93608826184107
RPL21	6.94825626204551	6.58295352416505	7.58967888004889	6.54871363778198	6.72855191671336	6.64316264831358	7.14642800205625	6.86036326282821	6.72305922809604	6.65845203271607	7.34293312363742	6.93792210150863	6.77335965633554	6.43912164437221	7.21256245440778	6.77998515423459
PASK	7.04681629040636	7.43208026654732	6.25451886157422	7.56121457766045	6.14013541223628	6.92391311906858	6.24626490618689	7.31085103566669	6.49281573499682	6.98067703732267	6.45632469501463	7.265180308271	6.68366163098024	7.13497675773444	6.35632355948867	7.39444734350272
RPL18A	6.75099215399958	6.72411563196416	7.46363065826914	6.71497206649663	6.34670622245186	6.76813353476272	7.3894207934132	6.71711348520585	6.32541933153799	6.56064199203489	7.52120373860669	6.70551975917626	6.36817123064427	6.81958509817937	7.1356407033565	6.91236802801639
RPS10	6.71200778801192	6.58566140784643	7.32533732604215	6.63217888389474	6.3704849791337	6.48071842170432	7.05243739239118	6.78226608024202	6.41623788269719	6.39761151061662	7.13919519133148	6.73857693948225	6.37027127813955	6.66410618379144	7.08926686447423	6.99674755152549
RASGRP2	6.56537199228303	7.49248695752184	4.01794447052663	7.51024494548209	6.44355439953779	7.53872318039959	4.6964587222107	7.4229938874417	6.18036203643657	7.35075563954316	4.58031386576389	6.88956974102205	6.62647557010783	7.37075968120115	5.06905142146318	6.97197330432096
S1PR1	5.32215072232017	6.61776566348832	5.41204373998945	6.29625961353218	5.75047165991668	7.56380401919597	6.02815851628984	7.0750292851863	5.10773146168337	7.28959128026348	6.26396456692551	6.62253144254771	5.84500005678654	6.80299471671214	6.01713512512856	6.25493458299269
MAL	7.95714199129136	6.38442935446781	6.66436164913486	5.82692638598738	6.72451331559294	5.70507287660868	6.01041265061189	6.19059740477844	6.46156531245856	4.86436838209548	4.95475267450888	4.6808411846363	7.36492882630721	6.47131557906464	6.06563577707276	6.15426195623069
SERINC5	6.793815844759	6.51801215535694	5.58665764391095	6.37598274715284	5.61632201196395	6.03111307861398	5.23940355213581	6.55062766540745	6.26561028116434	6.7169945388335	5.7749554381075	6.83666962703126	6.67519292181106	6.01453551717538	5.97909862083003	6.81195969074908
SELL	5.1277775210748	5.57827319332885	5.59843706963372	6.17928851744734	4.26629936623325	5.87400835002559	5.78578226120023	7.05279681118156	5.02142846269345	5.96088439995331	6.38341345157753	7.29450671194442	5.61851562138234	5.70574484102046	6.67319801772569	7.19916454689588
LEF1	7.35853753825421	6.24113497327105	6.01060772279826	6.53183266709937	5.42364786207852	4.66113406332829	4.29465671471905	5.68516372620653	6.06033457945553	5.90018021085286	4.7577994305854	5.35915285143366	7.27990475008955	5.8724954726423	6.64917629701103	6.22999094586261
CCR7	6.77947767194253	4.59598055614243	7.98866160285173	5.74023102499393	2.72814806700291	1.28349967864027	6.20824087447008	3.28561803812333	4.35853099175372	2.89062936596855	6.72835372529324	3.78468960949665	6.37947534271241	4.26119787462137	6.69655376902545	4.73715463363278
CD55	6.11148298503645	5.42081546966795	6.8202685398115	5.40785862546019	5.65237610979327	5.55519174001565	5.77426134445651	5.52958226573408	5.66641813954031	5.67519693203703	5.9892597788121	5.28316437593649	6.21534647223276	5.23864105339391	5.83697616738143	5.40451762449341
MYC	6.15514416259697	5.74188856441187	6.98914178814939	5.81859892269282	4.74331726976624	5.45757388276903	5.69593580090837	5.42041477611054	5.12777765444484	5.79073270650728	5.58950057455671	5.24144551838889	5.45242044043937	5.26545240511693	5.53860639238589	5.07862388183502
NOSIP	5.4354477498329	6.26014737818632	4.55678526834455	5.95958115579961	5.33239003436182	6.06597871044865	4.890359815077	5.99981989914062	5.26985322923321	6.04740457777656	4.83177991997114	5.63674007905001	5.73782514412917	6.2969197544317	4.80552883688945	6.11554532212402
FLT3LG	6.46866949078328	6.01816436925811	4.38994860099428	5.44223296483795	5.99973445952716	5.72086672043067	4.04386963593076	5.23458587886273	6.08873608513386	5.96859159935386	4.04369272430371	4.9997993429871	6.49715118836865	6.30909908553081	3.93417514068764	5.17125729085074
KLF2	4.22611296025885	6.07322862844993	-0.713445595233998	6.50232719097284	4.98614720118425	7.03682583588697	2.10672828392815	6.56063078625519	3.95161030684694	6.64593542853341	1.17422008186494	5.80993772174754	4.67900434784866	6.05487321821959	2.05527106567451	5.4232879382115
RPL7	5.05770797224329	5.04254612369762	6.23164969541765	5.02434724333085	4.86020427557794	4.90084680398156	5.80752449138779	5.11705655427671	4.84255448111716	5.02651141211546	6.03005864640257	5.28947691951479	4.80978784284332	4.74525276874961	5.97281060072751	5.26414244298273
RPL9	5.03014244148408	3.96258012803349	5.80037400601799	4.66925825166103	4.70180897171536	4.38203570399781	5.32803352861752	4.92759130353244	5.85198848485644	5.68602559083532	6.67629177031584	5.99577258456873	4.83311880199537	3.8126343076803	5.28817956319669	4.82334337085093
ICAM2	4.99782965566024	5.04479693770563	5.3052022197624	5.27620439978556	4.75127903739447	5.12342358849464	4.84402214855242	4.90952573025124	4.75375628668592	5.2107610998015	4.81728420634927	4.60694736152708	5.0456615831683	5.03464479043576	4.5471577891709	4.70437956253733
TXK	5.93665646837299	4.66051577665783	4.04934432316618	5.28106144880419	4.82007826750313	4.22001711395748	3.74011976724428	3.92207242203094	5.51254037172723	5.29050176030678	4.23469786847563	4.728081462982	6.16929270588735	4.88808783608032	4.60289918746376	4.78438141404293
RPS28	5.04041340945733	5.07153631106132	5.10427055992484	5.18499598476925	4.63021879729555	5.1029073064929	5.15065194363003	5.20608891648607	4.6810039769982	4.9094191358921	5.02203153554307	4.91251832542138	4.14164290120649	4.82375278016724	4.3253904062874	5.11325309894216
BACH2	5.47611913895666	4.70673532562928	5.77440093424042	5.84726426386145	3.89621948343272	3.51051609788808	4.46719541402533	4.24380938555175	4.44415707128053	4.6272723107225	5.02581891861796	4.96735649395363	5.28797726466241	4.1470994479569	4.97150559271876	4.78902016442316
TRABD2A	5.17422408169743	4.97215297053709	5.28312859330104	5.38998472300401	4.12024552810271	4.8948922044806	4.78157323149158	4.88815927302498	4.18188786797065	4.85672122919603	4.48081065209618	4.62369839097203	5.01162442269334	4.82162892451385	5.00710528131636	4.90467204872793
LDLRAP1	6.02516565209908	5.22332611124307	2.15570616619776	5.1526763683062	4.45970360977926	5.02053107940998	1.05186448433633	4.79610711384991	4.79194546632629	4.99318468861742	1.27949017518798	4.3673989082379	5.78518519290258	5.07977323222638	2.14748655441383	4.51296853504073
THEM4	4.09429239596958	4.64872576090488	3.81944157371596	5.05869445858053	3.65018465202088	4.36777543632959	4.0490940075527	4.90243867970013	4.95453844180112	5.53129888019678	4.30703232454181	5.66452802380207	4.17854193201594	3.89775997432387	4.52767974472292	4.79364404744961
ACTN1	4.39250629191948	3.62925719780336	6.36536615938024	4.5360939594121	3.11505107860514	3.62765056025721	5.15711802400583	3.39353848775306	2.85244417733581	2.30053866654366	4.53319498231266	2.162104225471	3.94376459286605	3.38223238820791	5.39617430865793	3.52836223140196
SPINT2	3.94264855172055	2.82249927438956	5.6233594187695	4.41021690111731	1.20730555622914	0.139127384062487	2.93320976855539	3.02723110251467	0.743278090841165	0.206187589017237	2.27724921534489	1.49827550281343	3.12862331083976	1.87066678442985	3.8660127740669	1.23433446381069
PLAC8	4.52275484768624	2.39856984753882	4.31441886883641	4.16952820771023	1.72664069107228	2.36216190248292	1.94425178916352	1.89260157766337	2.81831254899237	2.3738064573872	2.86710467498028	1.997064121781	4.27674615329467	2.30698922881593	4.22011240703124	2.56137945009273
VIPR1	2.59410346696301	3.36678188815208	-0.758523771308896	1.93196732897489	1.1239078320346	3.00963406044956	-1.48248917451018	3.26049850793734	1.71817774726824	3.76566699660357	-0.723998914095117	3.22814514534441	2.5385128621984	2.41235827518605	0.47847617309375	2.86360931748633
CD248	4.05835492031381	1.63762097507447	2.72947512561037	1.69049321631283	1.40193669553367	-1.04101479954237	0.208769209778377	0.170115987982614	2.54178842362894	1.25433046743934	1.65044076596266	1.0796836668945	3.09244461545911	1.6200081697957	2.37706026566876	1.68618136207148
C1orf162	2.37137622589795	1.05820750921776	0.206556809052414	0.184869155840581	1.31865707645884	0.29194473474648	-0.480166732936561	1.34187999447448	0.804337488884747	0.268992384213539	-0.16792431207246	0.0456241628801387	2.97812406382208	0.799609441255169	1.21054675323049	0.0920130955829509
