	HD276_Trest	HD276_Ttumor	HD276_Teff	HD276_Tex	HD280_Trest	HD280_Ttumor	HD280_Teff	HD280_Tex	HD286_Trest	HD286_Ttumor	HD286_Teff	HD286_Tex	HD287_Trest	HD287_Ttumor	HD287_Teff	HD287_Tex
ACTB	12.11493962613	12.1032040930685	12.5824697613896	11.831547342187	12.1441656570895	12.1503032377305	12.624168405797	11.9670011105864	12.1283451472616	11.8859979652434	12.4437083308846	12.0989985883217	11.9286867584762	12.232575210142	12.7704012944294	12.3145120831542
CCL5	11.0220133963621	12.5994198979049	9.51501185369616	12.6849803286297	11.5209770940116	12.5403899846625	10.0944822503112	12.7873199402562	11.6181696156181	12.7228570766461	10.4795835276117	12.7685899215242	11.2747266242167	12.5230470600165	9.982748481067	12.3683005735892
B2M	12.0760442311376	11.9211551350814	11.3412440479345	11.8681527113743	12.2231774254765	12.0846347286153	11.388936583845	12.172029919665	12.2053542150186	12.2403672985677	11.5503934681076	12.0321861988358	12.321926292562	11.8846392402334	11.2796713471841	11.6382465045766
TMSB4X	11.0164147008408	11.0322901130918	11.3633363432315	11.1672757673392	11.0545839483276	10.9964618010058	11.2303131276053	11.0859602839448	11.1319737881425	11.0948765605638	11.3998751370852	11.155737761703	11.1017195277753	11.2019195428	11.4930358785835	11.1752293499669
ACTG1	10.7640352669573	10.962294138821	11.4395617650236	10.849056613446	10.8002114969441	11.0495085598472	11.4064809007135	11.0268864932644	10.7091584192074	10.7161970749239	11.1560694964882	11.1333576513146	10.4811555673904	11.1766442558718	11.5316101411437	11.5961031878647
IL32	10.6300787706866	10.7664346324235	10.7838777560546	10.3895665753067	10.678569623285	10.4876908064504	10.4544680844134	10.6571327186895	10.7344431534249	10.5311629436678	10.6453656207569	10.2486758999209	10.5337935243744	10.8867482858892	10.5002570618627	10.2081418824665
PFN1	10.0847617351994	10.2321519324755	10.6511491916406	9.88195240433065	10.2486668734151	10.3549347472317	10.4467983611131	10.1248037610694	10.0944802085908	9.97639598791904	10.2885085633406	9.99122100461956	9.95783631436272	10.370488718889	10.535463843801	10.1759910013566
CORO1A	9.84083327876148	10.3364306023403	9.897968600161	10.0306741185432	10.038771371647	10.3821487428015	10.0878079118937	10.2400980315051	9.90275520371031	10.0996923882206	9.97977360569216	10.0157399692529	9.75957145129866	10.6796637624835	9.98316751507872	10.404418417663
TXNIP	10.3562659231813	10.3381234878958	6.44114653024999	10.7367023098345	10.2870400529638	10.2805746611726	7.57456035050769	10.4741372695085	10.1785641841656	10.3990863647746	7.14239680629337	10.0902852476072	10.7679903139431	10.4589332867456	8.14474902056667	9.84375408465303
EVL	10.1732082433063	10.4753925466486	8.51673128595773	10.4371003329155	9.84544956313352	9.89434506201524	8.90609274998608	9.97273263208745	10.1308163593488	10.4197231124077	9.24622808029572	10.0614503707505	10.0681280436911	10.3425475899307	9.1159401141734	10.0277032654587
TMSB10	9.41568030654312	9.94198288294714	10.4919759971691	9.85495908402544	9.49601163618986	9.90169450245103	10.0946927937919	9.73220491162012	9.48784365778333	9.76486644051014	10.0418752260609	9.71351938837428	9.3682301898587	10.0924510669783	10.2365046132308	9.86964662644695
CD52	8.87683781460762	9.99357947782556	7.99822047669025	10.1699129989981	9.31258432547057	10.1091196105965	8.6668769275575	9.99417137231589	9.2289755106919	10.1016482674235	8.46706716113409	9.83941183206677	9.22385637958109	9.93355794686253	8.71326638494284	9.67016692726402
RAC2	9.28664217935176	9.46224214517354	9.1822550266655	9.50070923191847	9.31245820887964	9.46979082885061	9.22547603834578	9.34661112138566	9.24271315191196	9.26206370554474	9.17119573235604	9.18944040791076	9.19055097376832	9.63884891973997	9.27780874235004	9.50302404242164
CD2	9.04841258033898	9.41891973860851	8.66546058307111	9.29988750242262	9.36978271392307	9.29184607921596	8.75676600450116	9.52063587352448	9.49103916918778	9.64363909997879	8.85005585116662	9.65686791716946	9.42256820356215	9.65816973208479	8.89015630649927	9.56578225170429
GZMA	8.70202046812568	9.52031269642439	7.56759097875002	8.05971685900866	9.77091920320612	9.93290454215623	9.41465019257403	9.91299976496397	9.36818948789714	9.56051224068621	8.96152710388623	9.59721167305408	9.06380092584584	9.44396495766876	9.06322188215463	8.87323610298125
SH3BGRL3	8.92433617322065	9.32874268356787	8.43783147071309	9.3596539993638	9.15927107434046	9.27006281668808	8.73646719637326	9.14867775833959	9.1708075515481	9.28069797833783	8.55301846196415	9.06901021335218	9.07729748653145	9.47765482568419	8.81236596836436	9.16950281430715
TRAF3IP3	9.05146272507731	9.43552621543284	8.67018571485873	9.50291971528551	8.81091794298327	9.11882998955539	8.45927581750042	9.16616616624719	9.03821322189231	9.41536309817633	8.70681104090636	9.33780132978102	9.13277947441567	9.24952237159587	8.84020486030826	9.18657826428873
NKG7	7.78198340508821	9.02576715769028	8.71383567618091	8.49227788229947	9.38677274442031	10.1069480555279	8.96388247792301	9.85062076506802	8.62508076291532	9.10753191134446	8.67239146902516	8.8829056546567	8.34206248963547	9.86531441759853	8.2173099844188	8.56083366683757
MYO1F	8.32062617712033	9.43852514472348	6.79757700243157	9.10314991208498	8.77573384399883	9.67919740968937	7.83199993757404	9.35868260268238	8.37435846561336	9.2683219260197	7.64559262841871	9.06387926882065	8.4606359340939	9.57657056597385	7.75306518962472	9.10161291809894
CLIC1	8.48803657060832	8.86668787430822	8.88556086292727	8.81906363311941	8.84584543023957	8.83009421186783	8.75802940092774	8.756919712448	8.74015521396787	8.6590156340174	8.76565650382223	8.69517557791322	8.61773115043203	9.05972794690124	8.98621169111536	8.84392959842553
LCP2	9.02952395641899	8.85422938157274	8.1698792601158	8.50132455506276	9.08531878394536	8.57643884315918	8.40792817379548	8.59985178679485	9.01000465053382	8.73797264211026	8.09417171482126	8.43941868723682	9.14448352008058	8.80583881988996	8.45610824441982	8.4389356728859
MYL12A	8.64494073619259	8.67412154087752	8.41739357914389	8.58831197241907	8.83470650582286	8.781569460446	8.26511090319279	8.76761520599693	8.81979141758046	8.87724144971366	8.30677678753351	8.80692750002781	8.86807922146296	8.73213707048233	8.61639409727553	8.65714446898359
ACAP1	8.63107558525381	8.99844792542621	8.31996845470396	8.78256663672474	8.7338430405441	8.81460384081409	8.02773664392673	8.84073979358344	8.56358591506288	8.83164590025617	8.27768937952507	8.63530860139279	8.6673376315842	9.13563474424414	8.0385490084215	8.86055225788331
SASH3	8.46200663637701	9.02020156439664	7.5608694538457	8.48676996738192	8.61996920734672	8.93754938151334	7.91946320829633	8.95420157363651	8.62305201463246	8.87826472428852	7.83971731358934	8.7765407185859	8.52010345208482	9.0665820016065	8.05618138090249	8.88113270736551
RCSD1	8.29200569851766	8.76207644510018	7.65948258153014	8.96447565769204	8.18886809083616	8.71342299756765	8.16007916502343	8.69835189465897	8.15724195198142	8.74498004068219	7.94980181497137	8.84018547814044	8.3835114541668	8.77000935257821	8.4596458197896	9.03281642792643
GSTK1	7.92645871779687	9.01898569548569	7.48720461402902	8.75038546184928	8.21240000860779	9.15233826452866	7.88165047468106	9.13675613420646	7.9384898258598	8.91930019321284	7.48199374299692	8.8177046541588	8.09857012015863	8.83528386959568	7.81035869937134	8.72036081813075
PPP1R18	8.35508143946398	8.73567378991681	7.91319367974459	8.48422749301385	8.47462872028208	8.60794769212357	7.88725226240079	8.56765339957165	8.36150670232494	8.48082240784672	7.82620675070476	8.35365695621192	8.36762121282993	8.7945809071282	7.95009196405631	8.55956163875535
GIMAP6	8.27807656466448	8.8465894324026	5.88845075319092	8.85357361203642	8.3014278250183	8.76118862704472	6.6459693725957	8.91769841454064	8.28368284892868	8.78414227877012	6.44788035360803	8.68244021506464	8.54132075105113	8.99964544542136	7.19646228204141	8.88187928450137
CTSW	7.01227228268951	7.5246934382423	6.79660344297638	8.61348151134593	8.776343589079	8.83890866865184	8.26651326254812	8.99057983840531	8.45541349238845	8.26837893444732	7.78713211324445	8.44414176720869	7.6398703621175	8.26252573048616	6.98555967375579	8.06765685184914
DENND2D	8.0778575082136	8.27774126191692	7.08016566192155	8.53847640234701	8.00371001711589	8.50077986632878	7.21446567384404	8.7761564171494	8.00353649076952	8.28497492575857	7.00044591198874	8.34421253681792	7.98749230512294	8.28225561630062	7.37890173688787	8.15076155782732
PTPN6	7.27379963116326	8.12190474393167	8.17419603844431	8.51065951674738	7.6130653322557	8.05388353782853	8.13183781441289	8.28066864592984	7.36577456660934	7.6795655438481	7.74218155700119	7.96786980160567	7.18645885711549	8.25762445546023	8.05787978057297	8.11218098113408
GIMAP4	7.70352717714581	8.24960007785323	5.6639631674879	7.80902328849827	7.52190818248454	8.30166401468858	6.1627753890387	8.45582811367708	7.90882048846211	8.81225526015884	6.52928964292883	8.60304497009705	8.18330764937292	8.45053263407276	7.09113413513519	8.2980711383768
S100A4	7.13907146368238	7.88336408018796	7.18562984321232	7.44411688285973	8.04396826954724	8.39277536975955	7.74627992565335	8.02539226830666	7.74830289467222	8.1020811815888	7.55435909405301	8.16613571615733	7.65923705385244	8.38713838111101	7.60642646923045	7.88364501187275
PTPRCAP	7.57359223552219	8.26910373157037	6.16078317706349	8.24926439277515	7.8547427818891	8.36163115395398	6.67526545718963	8.37758293559015	7.65053955015976	8.1852098616958	6.45398399819467	7.93116422462449	7.63271525701041	8.6336588492239	6.52605293822222	8.37769969806725
LGALS1	6.69455421104912	7.23401862038728	8.79028854545023	7.33430037757869	7.46267889479451	7.5762603214186	8.56661760497237	6.60527358837024	7.30567057780208	7.23484262282253	8.48620765214345	7.51074867458763	6.80754751659468	7.87356105450871	8.45908360361621	7.87371649251347
LY6E	7.16206541121469	8.25228077735691	7.00334623350712	9.41855880662841	7.18663370680945	8.04674019597782	7.10396813278604	7.62440139213937	7.10288337141812	7.86918338954693	6.81990637327426	7.6690132795976	7.11687273480455	8.33709103243065	6.7820094502318	8.09682935294167
CSK	7.81106964033773	8.09853081321627	7.20612142357349	7.60125013105283	7.81553073990935	8.04674019597782	7.57168929726783	7.89667501662591	7.64498630685556	7.78119536907955	7.24289613847728	7.47080292861577	7.71813478882772	8.27052794895144	7.40682432076061	7.82471765611085
TBC1D10C	7.57694769503155	8.20664567192457	6.35680513641749	8.16133798276283	7.75556690286193	8.18237395266966	6.82794576245152	7.99715738392749	7.6085379752197	8.08131471071075	6.69900391069735	7.85340717267516	7.6008758065621	8.36698143804496	6.81903551054112	7.97082048942079
CYTH4	7.58328408477735	8.1541872432367	6.55749790200873	8.01157940999149	7.68600994477287	8.08766593162998	6.89717745036508	8.06231280589798	7.59743943156055	7.95986629430605	7.09361015745581	7.6955982142827	7.68679747530048	8.32561514103263	6.8831865082808	7.89914853248766
LAT	7.66935530723564	7.99800746186591	7.18022788481014	7.30280434433245	7.814699908117	7.96218148868611	6.94350203785626	8.05696568293062	7.47641674472025	7.85996886883001	6.9388398309193	7.33295837300247	7.68477392048804	8.24133108147597	6.74083966842338	7.52043731630031
GIMAP7	7.39241022220984	8.03654682555042	4.49330855779725	7.61830234281013	7.43406011913456	8.05721984260908	5.43566786520557	8.27254433696006	7.33009998297203	7.97995132961257	5.25176159618374	7.7602772595045	7.68409877099623	8.06818197062259	6.19397416721791	7.7872430945983
HSPA1B	6.06444743636798	6.43978307953325	10.2911280217997	5.60344384277067	6.54694170398728	6.48864770311239	6.39728428984375	6.07378544490706	6.31584020823706	6.43275385098696	8.10256449777718	5.87084212475311	6.14103624838169	6.7878440897684	5.47519747012513	5.91211256084363
CISH	8.46686961301018	6.94746416163318	8.36917585777276	5.68021481145374	8.56117353789889	6.61476338097441	6.89766020392341	5.84102712862751	8.13797446859106	6.8513284976582	5.84879605784322	4.81378745430575	8.45777499152014	7.45641033356567	6.38197304614916	5.24062937858594
ZYX	6.97768273936306	7.66682711105568	6.94435151346144	7.17316409183021	7.05753920886523	7.69966183833414	6.71305820189831	7.54860617172365	6.9844788751148	7.67087016324095	7.16546996829399	7.60865848371321	6.98823239792576	7.86430520056028	6.93447224160083	7.66166002849901
THEMIS	7.47689079612824	7.46059912890128	6.91077830482666	6.63502712822996	7.5538395252125	7.42710869346896	6.63298098283188	7.20435454961574	7.7024229411171	7.78455792401017	7.16059770259149	7.34563532005003	7.73827508642808	7.29795853175266	6.8668087713439	6.89095090176381
S100A6	6.74126567400545	7.3047492141698	6.72062177848047	6.78986689619732	7.37457782831291	7.72197557413525	7.06881972443806	7.2217440787281	7.10490735690171	7.40572464743677	7.15340258112026	7.12544017843143	6.92649188465183	7.62238378530382	6.77763577427153	7.01319568886089
SH3BP1	6.78100980056403	7.1609382766338	6.75786281277844	7.20162143594792	7.19796532377812	7.53808655897108	7.0898846258934	7.31714604495972	6.96705979843764	7.23705329272287	7.06720624803574	7.05493715423197	6.78348074156839	7.44937785533319	6.75608944690891	7.1132262355823
HCST	6.52498035407271	7.2760576532493	6.05117382508256	7.32629480988474	6.99269384485563	7.4250441848472	6.52119430325975	7.45067325592474	6.83031808395238	7.19875127198943	6.3575995110478	7.28057835613756	6.80506567942064	7.64117237319519	6.3238715138046	7.29685418533321
PSMB9	6.99864117642243	7.22610655621202	6.64285459752985	7.05973909510101	7.04807706642961	7.23111213301381	6.7753276977136	6.98803739763701	6.8908085928234	6.84683206528503	6.53859805811041	6.77839346065922	6.70711291649682	7.2424788650314	6.60571577532945	6.58571795994319
SIT1	6.603624879911	7.0178974264938	6.97995126471377	7.23433610735951	6.82034328975947	7.01754484402112	6.50671037339309	7.1051051914963	6.63790863658394	6.81034701208982	6.70885367420521	6.74203317215067	6.52305434367093	7.12187504808303	6.53309108292226	6.82838941397236
EMP3	6.11634605052296	6.8536514652733	6.8077599069053	6.5597478445354	6.70209663308578	7.20628266258195	6.33484349861452	6.9566126700782	6.23959363785181	6.95374843069481	6.30350355300725	6.62627679429852	6.44868435432877	7.194455632615	6.19860053894305	6.65786711606938
SH2D3C	6.43675475012642	6.97073426782514	5.61012109620583	6.6476183982616	6.67383873348239	6.98544872308166	6.11583033802078	6.86921821130625	6.57322849536618	6.80340213978443	6.32620522787608	6.55120982641225	6.42544308565428	7.19896241786568	6.2921164005344	6.86756726360501
GIMAP1	6.47625537381031	7.06855380014224	3.93011682880714	6.63534325299351	6.52534030326753	7.3189723038271	4.67971470940688	7.44249486552467	6.14194487303508	6.99989791999399	4.50452878016035	6.64157300555421	6.70478486799239	7.35211939028005	5.14531973531531	7.01393889422425
GZMH	5.02704683795524	6.21438949433564	7.9249356946703	5.05680758204176	6.89411174729776	7.01617404648276	5.94138287010008	7.12023854742941	4.86541870821169	5.07125148037543	5.40502924282622	5.87084212475311	6.04439373106653	7.11452048205753	6.19397416721791	6.01320528626693
SAMD3	4.78343326815024	6.22782421072675	2.68807582871811	4.67418975136639	6.60328742638025	7.47129599023306	4.53206416063771	7.13564659083041	5.94361362934903	6.94355679334256	4.32148490067906	6.50990806690296	6.31726608792112	6.57455943383255	4.50917710838118	5.61443673028078
CALHM2	5.91337452801765	6.47275622672841	4.41173024522678	5.82193567831498	6.26425616670404	6.42361395973241	5.08094867388789	6.34233128932729	6.16443858789094	6.58128315411407	5.07173037626433	6.06854156680764	6.16349177459355	6.71104323303577	4.931303828992	6.0992961730067
CKLF	5.80549781337006	5.91797120615267	5.92454813413832	5.85651342597496	6.1926078871796	5.89255484091668	6.03651194164264	5.96525666556576	6.12159618405836	5.82444748309342	6.04693053048337	5.87084212475311	5.88726178498904	6.12759482446303	5.98847956055933	5.86346026618631
HSPA1A	4.74501332422263	5.0880001975671	8.16686864762071	4.16952820771023	5.26168974482476	5.16854551172583	4.78366418183281	4.91657813670941	5.14065988560919	5.20976092950129	5.85661454263847	4.67923955530948	4.98993605587451	5.24420191812338	4.00631571608749	4.25582129059867
PDLIM2	5.84763386216806	6.16609916307681	3.58469668649546	5.63856024660635	6.08134636222903	6.06906686373342	4.07322733703205	6.01538881772753	5.72351830323365	6.03841911670433	3.39021305959679	5.49280763206305	5.75785472093969	6.45872909741212	3.68662973513552	5.8435304597698
GLIPR2	5.48667380012587	6.09021826460727	4.34270773115504	5.41597740489547	5.96163990840926	6.02431046100411	4.96688362477842	6.03542671840332	5.62258909722393	5.99843608509734	4.60415315780595	5.7232187732141	5.77190242633331	5.97112251745056	4.77487773923165	5.57804552413077
RGS19	5.04143649596784	5.47523334009282	4.76920278358039	5.39297912718419	5.24416515685909	5.53873758837111	4.98698556686437	5.39322675063411	4.97570751230098	5.36426819873374	4.54203760318395	5.06011583345867	4.96458457137284	5.61484336595602	4.61679249070878	5.31327307015828
LIME1	4.41162271329891	5.44231740959015	2.60153323200841	5.14913859082013	4.99119858134899	6.31185718693756	3.17222139755809	5.61505392277995	4.28902304767228	5.80205873476827	2.63554871368545	5.00364391016242	4.40027375393711	5.80529730933037	2.67140504701345	5.15966243001198
PLEKHF1	4.57314647505952	5.13840301240297	4.43943873541558	4.79456385373364	5.08710878834732	5.23996487809614	4.01923592198423	4.90548025103663	4.91816778414483	5.19972090433386	4.26705802976856	4.46915185736942	4.75426414171672	5.53542842308346	3.46390871185035	4.72510236335774
IFNG	3.95573154395263	2.74709834278395	6.27318677547397	1.7755552220735	4.8454037303277	3.20195909104942	6.0395773677489	3.08202673618486	5.20717334927171	3.61062059851033	6.04755164164262	3.70192375908952	4.53517234043623	3.72216913209544	5.10399524293028	3.08346206185657
TNF	5.06577540449318	4.87809181468278	4.83989897440808	3.04977276206804	5.73549869845214	4.78542709801926	4.28435635400556	3.29492623634819	5.56494261408566	4.60004939940756	3.82348398558013	3.22814514534441	5.19246114834468	5.25289734289291	3.63750072243488	2.70083451439626
CD244	4.35843065927366	3.77737571635935	2.89871665653756	2.68957383100388	5.56020977965703	5.09080334102126	4.21011808920842	4.77962498403525	4.84012650578933	4.19765348524112	4.28402450426443	4.47285455601763	4.51253334252244	4.94967601384757	3.57956287808141	3.66080310221027
ZNF683	3.65782662446331	5.05152838653698	-0.507035514986032	3.84811899695539	4.74630808402335	4.50961123720918	-0.520875021050343	4.69543764152898	3.04183670520695	3.99196282876282	-0.866499835556298	3.5348619564461	5.80891415055801	5.89489041257278	1.22271098678889	5.4037617084354
AGTRAP	5.15450122451123	5.1686464115197	2.56540830459181	3.05734223055347	5.12513532842572	4.4294926101411	2.71829641975199	3.53642089943499	5.392570522636	5.07894031011748	3.01162074846911	3.50984972699023	4.83068060385927	5.22343833039391	2.50209125766402	2.86800056886618
PYCARD	4.06037510612467	4.7279013417861	3.54582658931149	4.60227277144506	4.33545611896515	4.80778340893959	3.99778127526406	4.52397086619653	3.98935065042352	4.49887148262964	3.62804464246123	4.19205992852663	4.18237170267981	4.87790331507985	4.04963783405793	4.64292770252305
FCRL6	3.58672194807528	4.45077160118159	-1.98049533912822	1.15429393989826	4.83232751521208	4.40036579154827	-0.743665328089203	4.44673610946492	4.10104830546732	4.30270100451265	-0.866499835556298	4.75265772677267	3.84332791409944	3.78237725832098	-0.76155199033707	3.16066164088473
HSPA6	-0.580743389440142	0.109550113180233	5.51861804421774	1.02128535098767	0.869742036282888	1.62786729201938	1.85161197875537	1.56345580827653	-0.707053319694135	-0.428579948775041	2.60211507649	0.266497252236475	-0.709447785489694	0.710594603218265	0.0842685668035556	-0.0665494057930868
EGR1	2.10003814532998	2.37729412882001	3.61593923021429	3.78341218777574	1.44184049369478	0.494533877074897	0.874882053486298	1.79100739339392	2.1531899011369	1.17455869398167	2.0078708226693	1.59658285274694	1.13746223848603	2.1600800476616	2.36613493064741	2.9069317096285
PTGDR	2.77720663349643	1.89880094952131	-1.45020722060635	-2.03681452243234	3.73894605796682	2.77475610247867	0.373311040011094	2.43756440421512	2.35714143315738	2.30803517169285	-0.723998914095117	1.56917187899991	3.01724613758703	1.69617636878141	0.351288075053878	1.01429550601653
