	sgID	gene	Control_1	Control_2	Control_3	Control_4	Control_5	Model	Mean	Sample Variance	Model Variance	n	p
0	sgAKAP5_1	AKAP5	2974.65665842	4745.05423542	1436.31022163	5016.29617995	2381.18618638	Neg. Binomial	3310.70069636	1891337.70002	787652.381093	13.9744442694	0.00420325104809
1	sgAKAP5_2	AKAP5	2168.18939474	1819.48286545	116.486468868	850.328600956	1631.75253642	Neg. Binomial	1317.24797329	547019.240127	125482.630845	13.9744442694	0.0104974526308
2	sgAKAP5_3	AKAP5	2819.40092852	1565.32248916	2895.06279048	5676.7109204	4097.45764161	Neg. Binomial	3410.79095403	1925475.19792	835894.337909	13.9744442694	0.00408040920886
3	sgAKAP5_4	AKAP5	2007.54284088	3762.22805931	2852.84980406	3182.84206806	6051.16374734	Neg. Binomial	3571.32530393	1859716.88553	916263.39238	13.9744442694	0.00389770598021
4	sgAKAP5_5	AKAP5	2618.86227739	4244.36920231	5787.45387296	4631.47072578	3717.85532999	Neg. Binomial	4200.00228169	1088121.07855	1266505.5957	13.9744442694	0.00331621296894
5	sgATP9A_1	ATP9A	6666.29290287	5815.14577679	10532.9416253	4575.78169902	7024.35268523	Neg. Binomial	6922.90293784	3968924.82477	3436510.8109	13.9744442694	0.00201451510523
6	sgATP9A_2	ATP9A	5041.49856281	5963.49689772	7826.50141975	4974.88639082	3894.70994622	Neg. Binomial	5540.21864346	1736454.91222	2201979.80691	13.9744442694	0.00251601700709
7	sgATP9A_3	ATP9A	1776.8155756	1527.14389186	5366.39269192	1403.64905918	1390.89804527	Neg. Binomial	2292.97985277	2380691.52155	378533.816614	13.9744442694	0.00605752974273
8	sgATP9A_4	ATP9A	1220.48254343	2280.8984842	1480.66057446	1382.94416461	1240.91360554	Neg. Binomial	1521.17987445	153378.271504	167108.316351	13.9744442694	0.00910295733727
9	sgATP9A_5	ATP9A	3801.60905313	5444.26797448	3862.22108704	4142.4068369	4068.63327046	Neg. Binomial	4263.8276444	364243.416404	1305226.20087	13.9744442694	0.00326673464077
10	sgCAMK1_1	CAMK1	7040.41608536	5004.66869704	3530.39495325	5344.71864547	4904.54003388	Neg. Binomial	5164.947683	1262992.69012	1914127.05407	13.9744442694	0.00269833064217
11	sgCAMK1_2	CAMK1	6084.08391572	5428.99653556	3883.06040946	5561.04909559	5577.76009232	Neg. Binomial	5306.99000973	556839.698866	2020710.42362	13.9744442694	0.00262629912119
12	sgCAMK1_3	CAMK1	7759.55200097	5276.28214638	1259.97749353	6127.93482956	4606.52534908	Neg. Binomial	5006.0543639	4621220.68468	1798321.03786	13.9744442694	0.00278373786355
13	sgCAMK1_4	CAMK1	9123.43046161	8086.2269074	3090.09747459	4717.86011345	8113.81620506	Neg. Binomial	6626.28623242	5345324.53558	3148623.80596	13.9744442694	0.00210450236065
14	sgCAMK1_5	CAMK1	3953.63028867	5505.35373016	3929.54812868	6350.69093661	5731.65292135	Neg. Binomial	5094.17520109	962295.267049	1862099.75475	13.9744442694	0.00273571552119
15	sgCLNK_1	CLNK	9815.61225744	5733.33449687	5138.22882858	4318.04145977	4649.02908281	Neg. Binomial	5930.84922509	4000570.94867	2523023.61175	13.9744442694	0.00235069113007
16	sgCLNK_2	CLNK	2892.7161343	1893.65842591	3716.34583016	662.556626102	2283.96500233	Neg. Binomial	2289.84840376	1040684.81013	377503.746797	13.9744442694	0.00606576338166
17	sgCLNK_3	CLNK	6563.86724773	6638.71266133	5361.58361751	3359.90461469	5294.40186743	Neg. Binomial	5443.69400174	1410813.23279	2126014.91768	13.9744442694	0.00256051543029
18	sgCLNK_4	CLNK	3686.2454205	4834.5012348	4067.40826156	4378.01425782	4741.36478023	Neg. Binomial	4341.50679098	181752.039163	1353137.98505	13.9744442694	0.00320847307441
19	sgCLNK_5	CLNK	8763.32342141	9146.50109518	7646.96264204	4304.47618402	6026.2477655	Neg. Binomial	7177.50222163	3238368.79272	3693659.56536	13.9744442694	0.00194319538512
20	sgDUSP4_1	DUSP4	7157.93604758	7295.38453483	11479.2605995	3916.79488232	6719.49831915	Neg. Binomial	7313.77487668	5853706.59225	3835108.42026	13.9744442694	0.00190705817808
21	sgDUSP4_2	DUSP4	5383.27680156	4136.37831281	13327.0138533	3777.57231541	7519.74103012	Neg. Binomial	6828.79646264	12270569.0065	3343810.23409	13.9744442694	0.00204222009761
22	sgDUSP4_3	DUSP4	9101.86716579	7199.39263306	10579.4293445	6919.71855623	10613.7197167	Neg. Binomial	8882.82548326	2522034.74722	5655231.76393	13.9744442694	0.00157072704604
23	sgDUSP4_4	DUSP4	11712.1041248	9051.60001047	8403.59034808	6215.03817911	12175.6097942	Neg. Binomial	9511.58849133	4849154.36085	6483494.65961	13.9744442694	0.00146704655293
24	sgDUSP4_5	DUSP4	3705.65238673	2529.60477516	1313.41165356	5475.3736698	3821.91619534	Neg. Binomial	3369.19173612	1937061.1112	815670.041479	13.9744442694	0.00413058168718
25	sgENTPD1_1	ENTPD1	6102.41271717	5582.80174182	2172.09860526	5620.30793176	6053.117942	Neg. Binomial	5106.1477876	2197900.1067	1870850.84047	13.9744442694	0.00272931848822
26	sgENTPD1_2	ENTPD1	866.84449198	607.585105547	1.06868320062	5536.77439162	2539.96450205	Neg. Binomial	1910.44743488	3995764.70081	263087.874678	13.9744442694	0.00726163240026
27	sgENTPD1_3	ENTPD1	2527.21827015	2828.48865114	901.434279724	2471.73603401	2948.39118482	Neg. Binomial	2335.45368397	546106.8092	392643.919968	13.9744442694	0.00594801947821
28	sgENTPD1_4	ENTPD1	2978.96931759	3532.06565846	4230.91679126	4367.3048296	5417.02758199	Neg. Binomial	4105.25683578	680454.753095	1210101.95787	13.9744442694	0.0033924883842
29	sgENTPD1_5	ENTPD1	4706.1893128	5229.37701256	2189.19753647	6065.82014586	6440.04848357	Neg. Binomial	4926.12649825	2244394.95397	1741433.26832	13.9744442694	0.00282877706994
30	sgFAM3C_1	FAM3C	3082.47313752	4989.39725812	5639.97559128	3097.88060415	4079.86988972	Neg. Binomial	4177.91929616	1034440.92833	1253244.38009	13.9744442694	0.0033336828495
31	sgFAM3C_2	FAM3C	9926.66323091	11277.9576414	8552.67165457	11067.8370882	10615.1853627	Neg. Binomial	10288.0629956	967428.196954	7584416.81975	13.9744442694	0.00135647383841
32	sgFAM3C_3	FAM3C	10502.4032293	8850.8896704	7918.408175	11159.224209	9722.60695429	Neg. Binomial	9630.7064476	1328949.42192	6646782.41651	13.9744442694	0.00144892759295
33	sgFAM3C_4	FAM3C	4725.59627904	3149.18886843	1440.58495444	3664.05237624	2553.15531597	Neg. Binomial	3106.51555882	1203124.60594	693684.167963	13.9744442694	0.00447828522301
34	sgFAM3C_5	FAM3C	8128.28435949	7852.79205536	4403.50912816	4818.52873875	7107.40595805	Neg. Binomial	6462.10404796	2413147.4721	2994687.46183	13.9744442694	0.00215785591329
35	sgGEM_1	GEM	10183.2664512	7536.45510633	7957.94945342	6921.86044187	7892.99220911	Neg. Binomial	8098.50473239	1221722.83529	4701364.12847	13.9744442694	0.0017225861497
36	sgGEM_2	GEM	4070.0720861	5151.9290009	539.685016313	3764.00703966	5049.63898697	Neg. Binomial	3715.06642599	2811425.8558	991354.952738	13.9744442694	0.00374746342441
37	sgGEM_3	GEM	3853.3609631	2797.9457733	3792.2223374	1374.37662203	2256.60627717	Neg. Binomial	2814.9023946	884129.410453	569826.751908	13.9744442694	0.00493992671487
38	sgGEM_4	GEM	8473.29709262	7507.00304556	7905.04963499	9323.62821149	7779.64891916	Neg. Binomial	8197.72538076	416228.263375	4817169.02491	13.9744442694	0.00170177241828
39	sgGEM_5	GEM	5950.39148164	4319.63557983	5170.8236662	2952.94634219	4388.14409645	Neg. Binomial	4556.38823326	995231.952852	1490173.51418	13.9744442694	0.00305762261234
40	INTERGENIC12191	Intergenic	5945.00065768	5300.28012182	4743.88472756	4140.97891314	5440.47791784	Neg. Binomial	5114.12446761	383121.096119	1876692.59771	13.9744442694	0.00272507307475
41	INTERGENIC14666	Intergenic	5912.65571395	8440.74245373	5511.7336072	5300.45300881	9707.46194572	Neg. Binomial	6974.60934588	3137716.00131	3487984.27169	13.9744442694	0.00199961032006
42	INTERGENIC17236	Intergenic	9068.44405726	7533.18265514	9270.82676538	3332.06010131	6742.948655	Neg. Binomial	7189.49244682	4611944.0635	3705998.59329	13.9744442694	0.00193996092169
43	INTERGENIC19822	Intergenic	5703.49174449	6523.08605238	5936.53517945	6459.92710449	4984.66201471	Neg. Binomial	5921.5404191	315445.716775	2515119.06263	13.9744442694	0.00235437777363
44	INTERGENIC22544	Intergenic	6073.30226781	6872.14751337	13526.8576119	9405.73382787	8489.99867603	Neg. Binomial	8873.6079794	6786120.44681	5643510.45321	13.9744442694	0.00157235608102
45	INTERGENIC2261	Intergenic	3202.14942933	4097.10889845	3084.75405859	3458.43135435	2944.48279551	Neg. Binomial	3357.38530725	165263.150951	809975.228851	13.9744442694	0.00414504689484
46	INTERGENIC25153	Intergenic	2836.65156517	4618.51945581	4515.72086422	9911.93280191	4800.47916853	Neg. Binomial	5336.66077113	5732064.0352	2043338.86229	13.9744442694	0.00261173556164
47	INTERGENIC27867	Intergenic	10275.9886232	12440.7686333	6284.39156125	7351.66549458	10891.2153576	Neg. Binomial	9448.80593399	5225626.65714	6398249.0943	13.9744442694	0.00147677994319
48	INTERGENIC30558	Intergenic	3695.94890361	3286.6318187	2521.55801186	4432.27536082	3279.62717874	Neg. Binomial	3443.20825475	388569.138974	851826.360886	13.9744442694	0.00404214803961
49	INTERGENIC33423	Intergenic	3719.66852902	4066.56602061	2781.78237122	6969.69588794	3728.60340059	Neg. Binomial	4253.26324188	2027821.87848	1298776.88479	13.9744442694	0.00327482209739
50	INTERGENIC36225	Intergenic	3353.09250007	3022.65408882	7801.92170613	5962.29567303	3578.1304122	Neg. Binomial	4743.61887605	3418407.2193	1614962.93117	13.9744442694	0.00293729272944
51	INTERGENIC39333	Intergenic	3999.99137468	3669.50860873	2627.35764873	1819.88883614	4071.56456244	Neg. Binomial	3237.66220614	769116.639591	753353.828474	13.9744442694	0.00429766476757
52	INTERGENIC42167	Intergenic	4666.29721553	5013.39523357	9392.65665026	4959.17922942	3313.8255852	Neg. Binomial	5469.0707828	4230336.58476	2145857.24298	13.9744442694	0.0025486647822
53	INTERGENIC44800	Intergenic	5772.49429112	5324.27809727	18400.0530067	6938.99552703	5792.7215043	Neg. Binomial	8445.70848528	25057380.1012	5112762.59174	13.9744442694	0.00165188747448
54	INTERGENIC4649	Intergenic	15045.7896587	12274.9644394	10178.1388027	7537.29558379	10895.1237469	Neg. Binomial	11186.2624463	6099451.30396	8965565.06314	13.9744442694	0.00124769184848
55	INTERGENIC47459	Intergenic	10535.8263378	5077.75344044	8916.55828438	3415.59364146	4922.12778577	Neg. Binomial	6573.57189797	7225322.52701	3098778.64744	13.9744442694	0.00212134284047
56	INTERGENIC50500	Intergenic	5980.58009578	3114.28272233	6671.25487987	2267.54293588	4385.70135313	Neg. Binomial	4483.8723974	2764461.1546	1443189.50452	13.9744442694	0.00310691865716
57	INTERGENIC53513	Intergenic	4073.30658047	4868.31656384	7207.19950499	1807.75148415	5244.08135508	Neg. Binomial	4640.13109771	3070065.80733	1545368.06194	13.9744442694	0.00300260579468
58	INTERGENIC7310	Intergenic	4909.9624583	4152.7405688	11255.9058105	7430.20130155	4629.48713627	Neg. Binomial	6475.65945508	7003523.36477	3007250.82946	13.9744442694	0.00215334863047
59	INTERGENIC9892	Intergenic	2276.00587384	2701.95387153	7508.03382596	4285.9131751	3086.65045662	Neg. Binomial	3971.71144061	3575066.66838	1132781.66362	13.9744442694	0.0035061579545
60	sgLAMP1_1	LAMP1	3808.07804188	6004.94794621	2008.05573397	2406.76550279	6187.95737315	Neg. Binomial	4083.1609196	3063093.44021	1197132.61419	13.9744442694	0.00341078412801
61	sgLAMP1_2	LAMP1	5148.23687712	5471.53840112	2491.10054065	5918.03003638	5385.76046752	Neg. Binomial	4882.93326456	1492393.26317	1711071.51626	13.9744442694	0.00285372833231
62	sgLAMP1_3	LAMP1	7428.55541012	9575.19220197	6780.26056634	6904.01139483	9370.8519165	Neg. Binomial	8011.77429795	1475055.30153	4601291.2038	13.9744442694	0.0017412013157
63	sgLAMP1_4	LAMP1	6766.56222844	10587.4704389	7485.59147875	5082.69463493	11437.4127635	Neg. Binomial	8271.9463089	5687538.25207	4904716.80081	13.9744442694	0.00168652883435
64	sgLAMP1_5	LAMP1	5215.08309416	7288.83963244	5849.9718402	8479.72526747	10067.0337621	Neg. Binomial	7380.13071927	3093141.52175	3904946.88783	13.9744442694	0.00188994394322
65	sgLAT_1	LAT	2733.14774523	2207.8137408	5773.56099135	19627.5260864	3021.1849357	Neg. Binomial	6672.6466999	43484962.6824	3192789.61302	13.9744442694	0.00208991117758
66	sgLAT_2	LAT	5918.04653791	3308.44816001	9837.76320331	11975.9966015	4058.86229719	Neg. Binomial	7019.82335998	11251989.3233	3533308.17196	13.9744442694	0.00198675660835
67	sgLAT_3	LAT	778.434979116	3040.10716187	1859.50876908	3457.71739247	1108.02836904	Neg. Binomial	2048.75933432	1100489.56354	302412.389474	13.9744442694	0.0067747202351
68	sgLAT_4	LAT	4410.77216006	3882.21793652	14686.3788845	13316.8170151	2083.66005025	Neg. Binomial	7675.96920929	27458598.0006	4223979.82831	13.9744442694	0.00181723623722
69	sgLAT_5	LAT	2077.62355229	4964.30846561	8848.16255954	14515.5590143	4465.82333396	Neg. Binomial	6974.29538514	18938381.9597	3487670.57078	13.9744442694	0.0019997001562
70	sgMS4A6A_1	MS4A6A	4795.67699045	8284.75561334	9031.97607005	6762.64694228	7321.3902727	Neg. Binomial	7239.28917776	2102379.05882	3757464.11307	13.9744442694	0.00192664226721
71	sgMS4A6A_2	MS4A6A	4396.75601778	5639.52422923	2401.33115179	4437.27309399	5702.8285502	Neg. Binomial	4515.5426086	1432621.80916	1463616.50269	13.9744442694	0.00308519519991
72	sgMS4A6A_3	MS4A6A	5147.15871233	6019.12856806	3809.32126861	3936.07185312	7311.61929943	Neg. Binomial	5244.65994031	1730845.8043	1973584.67828	13.9744442694	0.002657428383
73	sgMS4A6A_4	MS4A6A	6308.34219225	4096.01808138	5533.64161281	2307.52480125	2823.32272694	Neg. Binomial	4213.76988293	2342054.72682	1274808.59884	13.9744442694	0.00330541375918
74	sgMS4A6A_5	MS4A6A	14950.9111571	17719.2324138	9736.23829925	14808.9973476	17386.9583888	Neg. Binomial	14920.4675213	8161249.43286	15945453.8585	13.9744442694	0.000935719212115
75	sgMYO1E_1	MYO1E	3809.15620667	8929.42849912	13213.1990925	8066.34133804	6685.2999127	Neg. Binomial	8140.68500981	9447665.98917	4750422.4639	13.9744442694	0.00171367600917
76	sgMYO1E_2	MYO1E	4529.37028707	5791.14780135	5052.19983093	2781.59549062	3940.63352059	Neg. Binomial	4418.98938611	1041168.24606	1401788.84668	13.9744442694	0.00315239302735
77	sgMYO1E_3	MYO1E	4632.87410701	6752.15763616	5044.71904853	5025.57768441	5904.1105996	Neg. Binomial	5471.88781514	582303.448082	2148065.58845	13.9744442694	0.00254735602328
78	sgMYO1E_4	MYO1E	6390.28271637	4749.41750369	12087.8756822	6390.67280198	4669.05957802	Neg. Binomial	6857.46165645	7405266.53687	3371912.94888	13.9744442694	0.00203370067982
79	sgMYO1E_5	MYO1E	5073.84350654	5978.76833663	8950.2218052	5540.34420102	5442.4321125	Neg. Binomial	6197.12199238	1977981.06742	2754379.46456	13.9744442694	0.00224991584206
80	sgNDFIP2_1	NDFIP2	6230.7143273	8062.22893196	5011.58986931	7681.51588387	5954.43111195	Neg. Binomial	6588.09602488	1276651.87479	3112472.5517	13.9744442694	0.00211667602379
81	sgNDFIP2_2	NDFIP2	3732.60650651	2947.38771129	2249.04379571	2610.95860092	3351.44383229	Neg. Binomial	2978.28808934	275184.901839	637722.666622	13.9744442694	0.00467019324422
82	sgNDFIP2_3	NDFIP2	2897.02879347	5232.64946375	3446.503322	1325.1132522	4129.70185341	Neg. Binomial	3406.19933697	1690234.86054	833649.871248	13.9744442694	0.0040858871985
83	sgNDFIP2_4	NDFIP2	7011.305636	8546.55170909	7132.92602254	7704.36266408	5584.59977361	Neg. Binomial	7195.94916106	943424.705714	3712651.66034	13.9744442694	0.00193822362543
84	sgNDFIP2_5	NDFIP2	8054.96915371	5545.71396159	5057.00890534	3749.01384015	5206.46310798	Neg. Binomial	5522.63379375	1975150.6497	2188041.19639	13.9744442694	0.00252400814156
85	sgNTRK1_1	NTRK1	4145.54362147	5887.13970312	4090.91929198	2571.69069743	4097.94619027	Neg. Binomial	4158.64790085	1102912.13205	1241728.60273	13.9744442694	0.0033490795748
86	sgNTRK1_2	NTRK1	3410.23523399	5430.08735263	3609.4775101	2508.86205186	5014.95203185	Neg. Binomial	3994.72283609	1159792.17911	1145922.81883	13.9744442694	0.00348603131942
87	sgNTRK1_3	NTRK1	5955.78230559	9447.56660529	3944.50969349	7972.09836967	9305.38639558	Neg. Binomial	7325.06867392	4429685.47065	3846950.46223	13.9744442694	0.00190412347282
88	sgNTRK1_4	NTRK1	2748.24205231	2604.87115269	3274.9796683	2354.64628543	4814.15853111	Neg. Binomial	3159.37953797	775153.219095	717440.310679	13.9744442694	0.00440368277464
89	sgNTRK1_5	NTRK1	1224.7952026	3163.36949028	2332.93542695	3654.0569099	1719.69129587	Neg. Binomial	2418.96966512	800403.275338	421141.469678	13.9744442694	0.00574384105885
90	sgOAS1_1	OAS1	4730.98710299	4234.55184872	1612.64294974	2929.3856001	5093.60836669	Neg. Binomial	3720.23517365	1647936.61251	994110.227107	13.9744442694	0.00374227633134
91	sgOAS1_2	OAS1	3349.8580057	4160.37628825	3729.17002857	2144.02753037	3647.50432243	Neg. Binomial	3406.18723506	465514.610347	833643.959603	13.9744442694	0.00408590165601
92	sgOAS1_3	OAS1	5836.10601379	5637.3425951	5473.79535358	13248.2766745	6221.66723094	Neg. Binomial	7283.43757358	8957172.80938	3803388.80431	13.9744442694	0.00191498633149
93	sgOAS1_4	OAS1	6067.91144386	5643.88749749	3282.46045071	3634.06597722	5382.34062688	Neg. Binomial	4802.13319923	1264234.36401	1654991.78072	13.9744442694	0.00290160546728
94	sgOAS1_5	OAS1	2286.78752175	4188.73753196	1182.49796149	5465.37820346	2963.04764473	Neg. Binomial	3217.28977268	2213692.71102	743923.201352	13.9744442694	0.00432476062964
95	sgP2RY1_1	P2RY1	4980.04316972	5027.57585542	5854.7809146	3454.86154494	4501.48738641	Neg. Binomial	4763.74977422	617741.188029	1628678.91047	13.9744442694	0.00292491647285
96	sgP2RY1_2	P2RY1	5345.54103387	3957.48431405	5849.4374986	3229.96355225	2605.91857164	Neg. Binomial	4197.66899408	1514752.26445	1265101.11848	13.9744442694	0.00331805018016
97	sgP2RY1_3	P2RY1	14478.6749786	12148.4296598	14432.5666244	8102.03943211	10166.6976895	Neg. Binomial	11865.6816769	6109625.65729	10086999.9012	13.9744442694	0.00117633407288
98	sgP2RY1_4	P2RY1	5906.1867252	7353.19783931	12540.9973593	2228.2750324	5422.89016596	Neg. Binomial	6690.30942443	11360184.2523	3209697.12184	13.9744442694	0.00208440521659
99	sgP2RY1_5	P2RY1	10449.5731546	8358.93117381	5437.99446636	9186.54753023	6459.59043011	Neg. Binomial	7978.52735102	3294312.77858	4563215.03363	13.9744442694	0.00174844430784
100	sgPDE7B_1	PDE7B	6718.04481284	5723.51714328	4288.62568409	3907.51337786	5166.40211757	Neg. Binomial	5160.82062713	1014621.75332	1911073.43024	13.9744442694	0.00270048264262
101	sgPDE7B_2	PDE7B	5638.80185703	5110.47795241	5983.02289867	7089.64148404	8095.73990451	Neg. Binomial	6383.53681933	1153188.72916	2922388.03318	13.9744442694	0.00218435633696
102	sgPDE7B_3	PDE7B	17651.7139586	16054.6455717	7855.35586616	14348.491934	17538.4084746	Neg. Binomial	14689.723161	13115285.1519	15456303.1703	13.9744442694	0.000950403404949
103	sgPDE7B_4	PDE7B	6970.33537394	9096.32351016	5280.89803587	7909.98368597	7040.9633398	Neg. Binomial	7259.70078915	1568657.92338	3778662.30771	13.9744442694	0.00192123566436
104	sgPDE7B_5	PDE7B	6216.69818502	5291.5535853	4340.99116092	5396.83786283	5035.47107572	Neg. Binomial	5256.31037396	365982.812823	1982350.94217	13.9744442694	0.00265155390105
105	sgPHEX_1	PHEX	8844.18578073	6602.71569817	2245.8377461	3326.34840626	7129.87919657	Neg. Binomial	5629.79336557	6057233.65588	2273667.98708	13.9744442694	0.00247608419415
106	sgPHEX_2	PHEX	5639.88002182	3076.10412503	3633.52288211	4328.75088799	6341.36165352	Neg. Binomial	4603.92391409	1488705.32411	1521380.90611	13.9744442694	0.00302614808403
107	sgPHEX_3	PHEX	7673.29881768	5878.4131666	4049.77498875	3927.50431054	11952.343055	Neg. Binomial	6696.26686771	8783955.67153	3215409.90866	13.9744442694	0.00208255465336
108	sgPHEX_4	PHEX	7391.89780723	5928.59075162	7481.85108755	4809.96119617	6183.56043518	Neg. Binomial	6359.17225555	988644.93488	2900146.64574	13.9744442694	0.00219270713944
109	sgPHEX_5	PHEX	2106.73400165	2962.65915021	1.06868320062	2061.20795211	4214.22077221	Neg. Binomial	2269.17811188	1895613.39156	370739.594835	13.9744442694	0.00612067915996
110	sgPHLDA1_1	PHLDA1	5459.82650172	7742.61953173	3219.40814187	4876.35965116	6488.90334993	Neg. Binomial	5557.42343528	2316485.07261	2215659.99665	13.9744442694	0.00250824740425
111	sgPHLDA1_2	PHLDA1	4549.8554181	4390.5386891	7717.49573328	4464.40364549	3548.81749239	Neg. Binomial	4934.22219567	2066003.36443	1747153.677	13.9744442694	0.00282414893471
112	sgPHLDA1_3	PHLDA1	4848.50706521	4637.06334593	5006.24645331	4812.10308182	3828.26732797	Neg. Binomial	4626.43745485	173045.99464	1536274.00146	13.9744442694	0.00301146634678
113	sgPHLDA1_4	PHLDA1	7415.61743263	6270.01649315	9058.69315006	12474.3419949	4075.96150041	Neg. Binomial	7858.92611423	7954696.46647	4427549.50402	13.9744442694	0.00177500581464
114	sgPHLDA1_5	PHLDA1	4567.10605476	3694.59740124	4754.03721796	3180.70018242	2753.46026805	Neg. Binomial	3789.98022489	597604.823093	1031662.70476	13.9744442694	0.00367366214501
115	sgPLS3_1	PLS3	8028.01503393	6751.06681909	7181.55110817	10488.8140022	7958.9462787	Neg. Binomial	8081.67864842	1678600.21172	4681865.37388	13.9744442694	0.00172616638947
116	sgPLS3_2	PLS3	6654.43309017	6172.93377431	6393.93158931	7267.41799255	8611.64729327	Neg. Binomial	7020.07274792	767535.750776	3533558.97734	13.9744442694	0.00198668616908
117	sgPLS3_3	PLS3	8872.2180653	5392.9995724	16685.8851529	6635.56172736	4253.3046653	Neg. Binomial	8367.99383665	19644827.3768	5019180.55284	13.9744442694	0.00166720319155
118	sgPLS3_4	PLS3	1628.02883444	2057.28098575	7279.33562103	4179.53285474	2418.80443348	Neg. Binomial	3512.59654589	4299809.46481	886433.896049	13.9744442694	0.00396261533042
119	sgPLS3_5	PLS3	5755.24365446	5226.10456136	4977.39200689	6151.49557165	3256.66539155	Neg. Binomial	5073.38023718	992052.336825	1846948.91638	13.9744442694	0.00274689797438
120	sgPTMS_1	PTMS	5996.75256765	2372.52711771	1269.06130074	3853.25227486	3807.74828409	Neg. Binomial	3459.86830901	2538699.87543	860072.731398	13.9744442694	0.00402276247427
121	sgPTMS_2	PTMS	2425.87077979	2092.18713185	1468.37071765	1580.71160581	3639.19899515	Neg. Binomial	2241.26784605	608843.863545	361703.25867	13.9744442694	0.00619642702223
122	sgPTMS_3	PTMS	3619.39920345	3973.84657003	3551.23427566	9716.30724636	5482.00455425	Neg. Binomial	5268.55836995	5434647.19747	1991587.78241	13.9744442694	0.00264540605063
123	sgPTMS_4	PTMS	3767.10777982	3606.24121892	1355.09029839	2125.46452145	2926.89504362	Neg. Binomial	2756.15977244	826915.408567	546349.632598	13.9744442694	0.00504468129563
124	sgPTMS_5	PTMS	1216.16988427	2027.82892498	2277.36390052	1000.26059609	2637.18568611	Neg. Binomial	1831.76179839	391211.768924	241938.002975	13.9744442694	0.00757120326642
125	sgPTPN22_1	PTPN22	8671.67941417	9241.40217989	8058.40567428	7857.15050673	9096.28756756	Neg. Binomial	8584.98506853	301371.717393	5282638.62226	13.9744442694	0.00162513199982
126	sgPTPN22_2	PTPN22	4952.01088515	7129.58034086	5178.30444861	6085.81107855	6245.60611546	Neg. Binomial	5918.26257373	616739.476272	2512338.64082	13.9744442694	0.00235567868024
127	sgPTPN22_3	PTPN22	5836.10601379	3152.46131963	4655.7183635	7328.10475249	2443.72041532	Neg. Binomial	4683.22217295	3136779.67641	1574160.29749	13.9744442694	0.00297506053253
128	sgPTPN22_4	PTPN22	6631.79162956	4352.3600918	5187.38825581	2896.54335355	5326.15753056	Neg. Binomial	4878.84817226	1514963.10056	1708213.80941	13.9744442694	0.00285611095367
129	sgPTPN22_5	PTPN22	2052.8257621	2949.56934542	1928.97317712	1438.63319137	2504.78899827	Neg. Binomial	2174.95809486	265282.05286	340681.636656	13.9744442694	0.00638413656868
130	sgRYR1_1	RYR1	3250.66684492	4662.15213844	4774.34219877	5464.66424158	4078.40424373	Neg. Binomial	4446.04593349	551231.032926	1418979.89512	13.9744442694	0.00313326915256
131	sgRYR1_2	RYR1	4748.23773965	3520.06667074	4584.11658906	2466.73830084	5898.7365643	Neg. Binomial	4243.57917292	1358165.1633	1292879.02325	13.9744442694	0.00328227088274
132	sgRYR1_3	RYR1	3798.37455876	4367.63153072	1857.90574428	5027.00560817	4391.07538843	Neg. Binomial	3888.39856607	1181955.92794	1085837.92852	13.9744442694	0.00358101192079
133	sgRYR1_4	RYR1	4978.96500493	3757.86479104	1155.24653987	4854.94079471	3367.56593819	Neg. Binomial	3622.91661375	1905912.27866	942874.920996	13.9744442694	0.00384241486657
134	sgRYR1_5	RYR1	7922.35488441	6793.60868465	10361.4179716	4221.65660575	4552.78499608	Neg. Binomial	6770.3646285	5127371.59204	3286889.15283	13.9744442694	0.00205980923411
135	sgSERPINE1_1	SERPINE1	1102.96258121	2271.08113061	1830.11998106	2229.70295616	2557.55225394	Neg. Binomial	1998.2837806	254126.713563	287744.034439	13.9744442694	0.00694465754779
136	sgSERPINE1_2	SERPINE1	5388.66762551	3970.57411884	5267.00515426	2776.59775745	3143.3221016	Neg. Binomial	4109.23335153	1141103.23216	1212443.41908	13.9744442694	0.00338921659094
137	sgSERPINE1_3	SERPINE1	6099.1782228	7964.05539605	5367.46137512	4380.87010535	6196.7512491	Neg. Binomial	6001.66326968	1385546.77361	2583561.19324	13.9744442694	0.00232301959225
138	sgSERPINE1_4	SERPINE1	3674.38560779	3048.83369839	3401.61862758	1799.89790345	4095.01489829	Neg. Binomial	3203.9501471	609960.511444	737780.320213	13.9744442694	0.00434268854742
139	sgSERPINE1_5	SERPINE1	9456.58338203	6128.21027462	3360.47432435	7724.35359676	7667.7712752	Neg. Binomial	6867.47857059	4184752.66894	3381761.03486	13.9744442694	0.00203074034499
140	sgSH3BGRL2_1	SH3BGRL2	8097.01758056	6369.28084612	10519.0487437	6527.03952136	6837.23854708	Neg. Binomial	7669.92504776	2398228.66809	4217336.44947	13.9744442694	0.0018186656767
141	sgSH3BGRL2_2	SH3BGRL2	5551.47050896	5445.35879155	6248.59067403	2722.33665445	6605.17793187	Neg. Binomial	5314.58691217	1866192.94576	2026492.20961	13.9744442694	0.00262255482008
142	sgSH3BGRL2_3	SH3BGRL2	2315.89797111	2927.75300411	1582.18547852	2800.87246142	3589.36703147	Neg. Binomial	2643.21518933	446788.300086	502597.732335	13.9744442694	0.00525910687469
143	sgSH3BGRL2_4	SH3BGRL2	6581.11788438	6248.20015184	12848.2437795	3997.47257494	5634.92028596	Neg. Binomial	7061.99093532	9160403.94531	3575841.90155	13.9744442694	0.00197491699291
144	sgSH3BGRL2_5	SH3BGRL2	5231.25556603	5245.73926854	2684.53219996	3484.84794397	5523.04264199	Neg. Binomial	4433.8835241	1288415.61895	1411239.24381	13.9744442694	0.00314183689515
145	sgSHC4_1	SHC4	3180.58613351	4199.64570262	2695.75337357	3550.53243707	4222.03755083	Neg. Binomial	3569.71103952	347587.114055	915436.877991	13.9744442694	0.00389946169457
146	sgSHC4_2	SHC4	12641.4821747	11773.1885892	10721.0298686	6839.75482549	10723.643166	Neg. Binomial	10539.8197248	3939058.44837	7959893.48915	13.9744442694	0.00132411567305
147	sgSHC4_3	SHC4	6577.88339001	6763.06580681	3573.67662288	6267.15739647	7441.57324395	Neg. Binomial	6124.67129202	1775011.12104	2690424.50549	13.9744442694	0.00227647022971
148	sgSHC4_4	SHC4	4368.72373321	5327.55054846	2999.79374414	3386.32120431	5303.68429204	Neg. Binomial	4277.21470443	918142.928047	1313421.62683	13.9744442694	0.00325654353261
149	sgSHC4_5	SHC4	7116.96578552	5318.82401194	3083.68537539	5422.54049056	4344.66326539	Neg. Binomial	5057.33578576	1769404.87368	1835301.51272	13.9744442694	0.00275558852358
150	sgSLC29A1_1	SLC29A1	4131.52747919	3961.84758231	1940.19435073	4357.30936325	3262.52797552	Neg. Binomial	3530.6813502	766357.878046	895566.92668	13.9744442694	0.00394239810004
151	sgSLC29A1_2	SLC29A1	2865.76201453	2578.69154311	15958.6462349	3274.94315079	3381.73384944	Neg. Binomial	5611.95535855	26846358.6773	2259300.35536	13.9744442694	0.0024839350577
152	sgSLC29A1_3	SLC29A1	3510.50455956	4054.56703289	3759.62749978	2026.93778179	1599.01977596	Neg. Binomial	2990.13133	971773.837207	642792.702241	13.9744442694	0.00465178170127
153	sgSLC29A1_4	SLC29A1	8292.16540773	6755.43008735	7380.32618349	5983.71452948	9260.92846719	Neg. Binomial	7534.51293505	1318053.43833	4069870.30776	13.9744442694	0.00185129067152
154	sgSLC29A1_5	SLC29A1	1383.28542688	2190.36066775	897.159546921	2284.67802104	2164.27057975	Neg. Binomial	1783.95084847	301494.266624	229519.706804	13.9744442694	0.00777253889572
155	sgSNX9_1	SNX9	1643.12314151	2352.89241053	314.727202583	4088.85969578	1395.7835319	Neg. Binomial	1959.07719646	1562415.5074	276602.088947	13.9744442694	0.00708265510184
156	sgSNX9_2	SNX9	4596.21650412	4381.81215257	4289.16002569	3981.05145166	6061.91181794	Neg. Binomial	4662.0303904	529057.2727	1559967.33928	13.9744442694	0.00298854358871
157	sgSNX9_3	SNX9	2984.36014154	4942.4921243	4364.50219133	7174.60294795	5437.54662586	Neg. Binomial	4980.7008062	1877690.27925	1780176.91202	13.9744442694	0.00279786844362
158	sgSNX9_4	SNX9	3384.35927901	2953.93261368	1981.87299555	2568.12088803	1984.97322021	Neg. Binomial	2574.6517993	299726.065694	476928.533773	13.9744442694	0.0053984016828
159	sgSNX9_5	SNX9	6624.24447602	6883.05568403	5735.62273773	8306.94649213	6917.36052791	Neg. Binomial	6893.44598356	682337.534346	3407357.65137	13.9744442694	0.00202310608069
160	sgSPRY1_1	SPRY1	4272.76706681	4993.76052638	4368.77692414	3454.86154494	5812.26345084	Neg. Binomial	4580.48590262	618922.722205	1505953.32762	13.9744442694	0.00304158556486
161	sgSPRY1_2	SPRY1	6123.97601299	7804.79610447	6554.23406941	10117.5538238	6560.72000348	Neg. Binomial	7432.25600283	2118340.91204	3960249.85838	13.9744442694	0.00187671391165
162	sgSPRY1_3	SPRY1	3141.77220103	3165.55112441	3776.72643099	3803.98890503	4466.31188263	Neg. Binomial	3670.87010882	239389.132481	967951.602568	13.9744442694	0.00379241079727
163	sgSPRY1_4	SPRY1	4429.10096151	4589.06739504	5601.50299605	3571.95129352	2786.19302851	Neg. Binomial	4195.56313493	912253.647574	1263834.20635	13.9744442694	0.0033197100647
164	sgSPRY1_5	SPRY1	5320.74324368	8500.73739234	5336.4695623	6538.46291147	7520.22957879	Neg. Binomial	6643.32853772	1537406.42605	3164823.59025	13.9744442694	0.002099114958
165	sgSRGAP3_1	SRGAP3	9990.27495359	9501.01664151	9775.77957768	12078.0931506	9031.3105953	Neg. Binomial	10075.2949837	1105567.47977	7274161.58366	13.9744442694	0.00138507989792
166	sgSRGAP3_2	SRGAP3	4650.12474367	5623.16197324	3859.54937904	3005.77952143	8612.13584193	Neg. Binomial	5150.15029186	3744617.25314	1903189.7086	13.9744442694	0.00270606249528
167	sgSRGAP3_3	SRGAP3	3741.23182484	5814.05495973	2142.17547564	5468.94801287	3542.46635976	Neg. Binomial	4141.77532657	1815182.48181	1231689.89996	13.9744442694	0.0033626770234
168	sgSRGAP3_4	SRGAP3	7288.39398729	6067.12451895	5708.90565772	7840.72938346	7205.60423943	Neg. Binomial	6822.15155737	642260.202494	3337312.5077	13.9744442694	0.00204420519254
169	sgSRGAP3_5	SRGAP3	6850.65908214	6283.10629794	1200.6655759	7219.58254649	7672.16821317	Neg. Binomial	5845.23634313	5600230.02754	2450793.11751	13.9744442694	0.00238503866416
170	sgXCL2_1	XCL2	7666.82982894	7298.65698603	7503.22475156	11381.9803161	8615.06713391	Neg. Binomial	8493.15180331	2289954.99315	5170317.56238	13.9744442694	0.00164267507766
171	sgXCL2_2	XCL2	11909.4082816	10763.0919864	8036.49766867	12964.8338075	13708.1869519	Neg. Binomial	11476.4037392	3945108.14824	9436383.77367	13.9744442694	0.00121618662556
172	sgXCL2_3	XCL2	9646.34038525	12100.4337089	10438.3631621	12041.6810946	10273.2012982	Neg. Binomial	10900.0039298	984424.884699	8512854.24121	13.9744442694	0.00128041707528
173	sgXCL2_4	XCL2	6751.46792136	6682.34534396	1615.31465774	6772.64240862	5264.60039895	Neg. Binomial	5417.27414613	3939141.30337	2105454.92921	13.9744442694	0.00257297084396
174	sgXCL2_5	XCL2	5196.75429271	7991.32582269	12336.878868	3011.49121648	7302.82542349	Neg. Binomial	7167.85512467	9715145.37165	3683746.76573	13.9744442694	0.00194580561057
175	sgZAP70_1	ZAP70	3491.09759332	3082.64902743	5860.6586722	8411.18492684	6465.45301408	Neg. Binomial	5462.20864677	3881861.11015	2140482.58768	13.9744442694	0.00255185848192
176	sgZAP70_2	ZAP70	4683.54785219	3496.0686953	9023.96094604	13808.7367515	4593.82308383	Neg. Binomial	7121.22746577	14763001.2126	3636022.64505	13.9744442694	0.00195852120873
177	sgZAP70_3	ZAP70	2736.38223961	2902.6642116	2367.13328937	8291.23933073	4848.35693756	Neg. Binomial	4229.15520177	4867802.66523	1284119.31583	13.9744442694	0.00329342853863
178	sgZAP70_4	ZAP70	9989.19678879	5181.38106167	3674.13284373	6338.55358462	4183.93075507	Neg. Binomial	5873.43900678	5065224.7243	2474471.48135	13.9744442694	0.00237361353769
179	sgZAP70_5	ZAP70	2696.49014234	5634.0701439	13052.8966124	14207.8414433	3822.404744	Neg. Binomial	7882.74061719	23035490.7527	4454399.42779	13.9744442694	0.00176965284433
