	guide	gene	positive119_vs_negative119	positive122_vs_negative122	positive124_vs_negative124	positive141_vs_negative141	positive144_vs_negative144
1	sgAKAP5_1	AKAP5	0.91208813638568	1.0655825954072	2.96970226127725	0.69261578090602	1.68847340679086
2	sgAKAP5_2	AKAP5	0.468593707573678	1.1854290577809	14.1671369806358	5.90754931098569	1.47525015547324
3	sgAKAP5_3	AKAP5	0.693989472474186	0.995808890898129	0.43908761831985	0.513019514541906	0.508393585315744
4	sgAKAP5_4	AKAP5	1.19846214511991	0.969103253764957	1.24009287022019	0.752040985119162	0.792018799148483
5	sgAKAP5_5	AKAP5	1.07643766546449	0.913791938606899	0.657350735296847	0.771920980123489	0.513773277827902
6	sgATP9A_1	ATP9A	0.636108844508806	0.852764967355636	0.639889257181619	0.844248267899629	1.28123525225464
7	sgATP9A_2	ATP9A	0.670811736351083	1.10890658035412	1.1469451763038	1.49773623367247	0.959029540601294
8	sgATP9A_3	ATP9A	1.04590119802232	1.48075866089399	0.582797764831584	1.30553512270118	1.26628642752761
9	sgATP9A_4	ATP9A	1.48357223359412	1.08661221121681	0.591759674403745	1.3665121861561	1.36981300917498
10	sgATP9A_5	ATP9A	1.21582309497897	1.12568599543539	1.12829929565092	0.984322737159508	0.757923137546463
11	sgCAMK1_1	CAMK1	0.645802574510645	1.06310311523543	1.16472576860761	1.58290552691985	1.24728262326271
12	sgCAMK1_2	CAMK1	0.942530891151734	1.02094746539349	1.8996424699339	1.13771028927767	1.04719893854524
13	sgCAMK1_3	CAMK1	0.778358596166119	0.994983233675016	4.01956969001369	0.685621503039038	1.43737067186775
14	sgCAMK1_4	CAMK1	1.38705329573584	0.920395333709388	2.46230877191774	1.33999805731269	1.33536059821341
15	sgCAMK1_5	CAMK1	1.21154130943739	1.0666885467002	1.9672620516723	0.787338427342859	0.730377856265095
16	sgCLNK_1	CLNK	1.00913558345072	0.902981913281537	1.04873320192906	1.28265011268557	1.56934523461065
17	sgCLNK_2	CLNK	1.29937487360579	0.862629318652812	0.566303745176112	4.39400269830861	1.75057997790747
18	sgCLNK_3	CLNK	1.22216157134037	0.730005338390265	2.63206984691656	1.54286768898936	1.10806042623086
19	sgCLNK_4	CLNK	1.14621343542148	0.821949663471047	0.251046050666001	1.24646383788437	1.2366335156468
20	sgCLNK_5	CLNK	1.07860199256509	0.942581914433112	0.733701024154873	1.78092076236634	0.93927421152458
21	sgDUSP4_1	DUSP4	1.6457083301832	0.976088538204528	1.23217596043525	1.17469526976348	0.60701535777619
22	sgDUSP4_2	DUSP4	1.03138386705077	1.11839446744307	0.580012863920988	1.93112992130886	1.43195782557072
23	sgDUSP4_3	DUSP4	1.08585871890733	1.26465211170719	0.771393734283325	1.19792181908303	0.807027267424294
24	sgDUSP4_4	DUSP4	1.41264605124909	1.18011444428584	1.64974931852276	1.56382544103021	0.806357326115615
25	sgDUSP4_5	DUSP4	1.78252833596936	0.884229772005802	0.738806572521756	0.492371557687748	0.799226507274629
26	sgENTPD1_1	ENTPD1	0.973936250294141	1.09041487493836	2.58386918167639	0.825149075881333	1.14176932274391
27	sgENTPD1_2	ENTPD1	1.07742130318609	1.33332043838791	592.74167336099	0.404302347539515	0.657042303815073
28	sgENTPD1_3	ENTPD1	0.72175399406313	1.27309143911432	0.516863174790042	2.04211172837825	0.842090074732885
29	sgENTPD1_4	ENTPD1	0.515269070668047	0.988179840567595	0.461588644785451	1.06629962712733	0.904483841037915
30	sgENTPD1_5	ENTPD1	0.860300236845533	0.804732163757189	1.02726256740346	1.00655443485251	0.560618379854943
31	sgFAM3C_1	FAM3C	0.902778461322126	1.0618411854819	1.34441754650665	0.94343087095919	0.659766233380385
32	sgFAM3C_2	FAM3C	0.952581330296735	1.1517459804023	0.681097137090742	0.815805488562194	1.06139280692596
33	sgFAM3C_3	FAM3C	1.09111542514691	1.00958683879379	0.693800942589941	0.680850864103485	1.7560890666186
34	sgFAM3C_4	FAM3C	2.79700971441504	1.43743671556339	1.87347603930276	0.815715414512185	1.76962725897092
35	sgFAM3C_5	FAM3C	0.770278145648009	1.00227049654129	1.01557205941342	1.50902365793893	1.38392281470833
36	sgGEM_1	GEM	1.00783281059578	1.00017471185004	2.70509506993132	0.934592255851065	0.397034006779305
37	sgGEM_2	GEM	1.93302714997735	0.979638854230894	6.8113516194164	1.38247505049888	1.04475426232563
38	sgGEM_3	GEM	1.27698473248642	1.2895509978355	0.507892091847803	1.31896567760227	0.577354236062598
39	sgGEM_4	GEM	1.06778341690206	1.20914763045642	0.892830018170508	1.10796322515202	1.31893208184918
40	sgGEM_5	GEM	0.93805568397356	1.24876690520468	0.603066406741027	1.12054063858418	0.868825290814762
41	INTERGENIC12191	Intergenic	1.1053130356311	1.1529816273045	1.73873145575236	1.07579261176913	0.743445092975237
42	INTERGENIC14666	Intergenic	1.09215928745419	0.976743215083103	1.49628398315851	1.1430445600919	0.838944367967531
43	INTERGENIC17236	Intergenic	0.744703156468272	0.811091636293144	0.650694797033539	1.53278380056355	1.03448087948864
44	INTERGENIC19822	Intergenic	0.844684687549343	1.09133818893774	3.6555448448002	0.940635347456214	0.723755827620243
45	INTERGENIC22544	Intergenic	1.16348692913881	0.649620270011763	0.29385828281947	0.696291791707377	0.887398917572743
46	INTERGENIC2261	Intergenic	1.34094658593254	1.13411330063522	1.76806814253145	1.32924104573766	0.921901045066188
47	INTERGENIC25153	Intergenic	1.53625801753784	1.03579130672786	0.818645244317925	0.364526554607427	0.452432033003764
48	INTERGENIC27867	Intergenic	0.724313186291638	0.918306235155466	1.18495834177804	0.918854070039732	0.666171418725621
49	INTERGENIC30558	Intergenic	2.39301093472787	0.629456156926295	0.20974993370972	0.630535290776111	1.42052687596689
50	INTERGENIC33423	Intergenic	1.77350331526449	0.720535200269695	1.34233050045298	0.919744353921714	1.65261874094561
51	INTERGENIC36225	Intergenic	0.305848947624796	1.63348012179684	0.971168317435468	0.686857421944797	0.623656798125245
52	INTERGENIC39333	Intergenic	0.599107340439577	0.936374946984893	1.23411923404709	2.38815024641315	1.2643083118863
53	INTERGENIC42167	Intergenic	1.33991762638081	1.0618654815484	0.681573856589951	1.02887758663527	1.67855098473273
54	INTERGENIC44800	Intergenic	1.0700900384077	0.869254168041033	0.952084290836449	0.835760169759394	0.743581905941053
55	INTERGENIC4649	Intergenic	1.03833359114125	1.01172502674008	1.32391010938526	1.63484268896452	1.25857805769728
56	INTERGENIC47459	Intergenic	0.529248910268175	1.30980259668813	0.443534541523305	1.5726651341811	1.17494116435623
57	INTERGENIC50500	Intergenic	1.01642775724817	1.20887845700792	1.16821040362863	1.82432616074872	1.44808749417709
58	INTERGENIC53513	Intergenic	0.439603593950611	0.68265466505208	0.914548845195654	1.84706066034738	0.912524326018607
59	INTERGENIC7310	Intergenic	1.34298022690113	1.50389595536542	0.294750145454979	0.394940945728799	0.888431184712451
60	INTERGENIC9892	Intergenic	1.32158363658253	1.75989162752817	0.567136019569903	0.70346799828797	1.18236877352537
61	sgLAMP1_1	LAMP1	0.545376787491177	0.416487128784797	2.35495761000671	1.30443757382184	0.431027226323459
62	sgLAMP1_2	LAMP1	0.5268201759518	0.423959065925165	0.60159849924709	0.428000267906453	0.712877785450861
63	sgLAMP1_3	LAMP1	0.515999909884969	0.190708045296643	0.708631296993422	0.562476949210034	0.165314669491312
64	sgLAMP1_4	LAMP1	0.380803178358682	0.605352750382271	0.939429449149588	1.19726387534971	0.230610573228923
65	sgLAMP1_5	LAMP1	0.296711020837915	0.330760191968948	0.308753155158955	0.236026542309937	0.131453461208484
66	sgLAT_1	LAT	0.1071566991326	0.18044811150319	0.858243184446902	0.201123631183333	0.301959658613365
67	sgLAT_2	LAT	0.716373867276316	0.228762732909152	0.364648483983883	0.518108019302719	0.663405320932327
68	sgLAT_3	LAT	0.681391182471032	0.402235693402857	0.226884876968825	0.511549913953477	1.86852148200914
69	sgLAT_4	LAT	0.260841532780048	0.421562561865003	0.683950474212634	0.401551063031355	0.694750349452427
70	sgLAT_5	LAT	0.624476513135895	0.306566871563091	1.10545263896149	0.779178525445344	0.560545280199305
71	sgMS4A6A_1	MS4A6A	0.715541083931293	1.06312399683499	2.01196636318113	1.24071822424137	0.810113827882162
72	sgMS4A6A_2	MS4A6A	0.772000599488682	0.969032908321983	0.468257091527812	1.09223118083039	1.02175829825283
73	sgMS4A6A_3	MS4A6A	1.26700565905345	0.84071037284336	1.31106075191617	1.32065995968119	0.840459026526304
74	sgMS4A6A_4	MS4A6A	0.842484608911561	1.23593012277333	0.145080280456479	0.605991707506607	1.11705838780797
75	sgMS4A6A_5	MS4A6A	1.12551259664811	0.879122673976069	3.16263603840147	0.976437472334006	0.813819014486023
76	sgMYO1E_1	MYO1E	1.15931767884375	0.911818997691692	1.60893652210867	0.772229021954801	1.38693468791456
77	sgMYO1E_2	MYO1E	0.631027146455914	1.00219847004068	0.320594544108194	2.23103890448565	1.23226685405556
78	sgMYO1E_3	MYO1E	0.854764142153593	0.620969739995256	3.09943405297997	1.40714620496998	1.50899239701887
79	sgMYO1E_4	MYO1E	0.614318830196925	0.995168288950112	0.340019020703577	0.904299870405457	0.997607337764942
80	sgMYO1E_5	MYO1E	1.25146960370529	0.871909136166915	0.651390751512365	0.6924521178449	1.2240482836576
81	sgNDFIP2_1	NDFIP2	0.794339553115384	1.08916461890508	0.664685592365157	0.707775007344054	0.64808269779726
82	sgNDFIP2_2	NDFIP2	1.55803356696131	0.894757066109581	3.14930936933896	1.12126465123146	1.23374637006463
83	sgNDFIP2_3	NDFIP2	1.04058684542368	1.1809971116995	0.580660111014492	2.0881577125827	1.19712540041616
84	sgNDFIP2_4	NDFIP2	1.77074475331959	1.06770665908222	0.406231576072497	1.01475806825336	1.22492289208893
85	sgNDFIP2_5	NDFIP2	0.395336134212421	0.869264421447863	0.484968613402491	1.1270038291372	1.19331400453059
86	sgNTRK1_1	NTRK1	0.811648575565477	1.14416503513926	0.448688010975239	1.35465386161094	1.11253381806865
87	sgNTRK1_2	NTRK1	1.21128857160917	1.05393724743089	0.544447767328712	0.945012698218028	0.813153983390895
88	sgNTRK1_3	NTRK1	0.923751585430397	1.19428659844358	0.596636162042506	1.11605754928964	0.923723730730115
89	sgNTRK1_4	NTRK1	1.64295468169966	1.49443419127667	0.882347781483194	1.35135120476733	0.863239567648194
90	sgNTRK1_5	NTRK1	0.795254849232304	0.991658747133557	1.38646095225109	0.452161941067683	1.76697048802597
91	sgOAS1_1	OAS1	0.827761947446383	1.45331555229785	1.72818721338596	1.46324245296674	1.14637858226344
92	sgOAS1_2	OAS1	1.00529232616801	1.15970001729662	0.944747513889165	1.49838481924216	0.812357090291865
93	sgOAS1_3	OAS1	0.982088921931369	1.01064772579504	1.21589078125671	0.556974519373321	0.74111962094163
94	sgOAS1_4	OAS1	0.89363237812779	0.836723460139241	1.03792576915793	1.55858393030362	1.13131514234393
95	sgOAS1_5	OAS1	1.03459393363838	0.920060195090968	2.94629842158648	1.08649990474994	1.31972379749576
96	sgP2RY1_1	P2RY1	1.31603575932918	0.611121826050278	0.762894107978791	1.22367353730734	1.43116695957435
97	sgP2RY1_2	P2RY1	1.60047167495341	1.3107667597929	1.61122406081995	1.12001516578919	1.21426916453379
98	sgP2RY1_3	P2RY1	0.798183619362349	0.925651200173528	0.546555782144904	1.02871928540702	1.03330363997183
99	sgP2RY1_4	P2RY1	1.8203747522122	0.814231185341912	0.716362908592175	3.33234572823768	2.25880702445113
100	sgP2RY1_5	P2RY1	1.16738517829093	0.839888977419705	1.78057971194503	0.658545885543757	0.919533349147687
101	sgPDE7B_1	PDE7B	0.99076324522447	1.32145592814449	1.21286644065136	0.817097842195879	0.839629406036865
102	sgPDE7B_2	PDE7B	0.787886146590026	0.94369649782393	0.42912112877084	0.890597977239052	0.573101291418508
103	sgPDE7B_3	PDE7B	0.863155990501284	1.00503886666365	1.10163400003494	0.818785394723973	0.684875919386514
104	sgPDE7B_4	PDE7B	1.14541786876881	0.961179624120421	1.16246696396963	1.16897021608437	1.14605954073888
105	sgPDE7B_5	PDE7B	0.830351187620947	1.08288431777687	1.22372997927878	0.617327711510419	0.760570194787569
106	sgPHEX_1	PHEX	0.930239874648639	0.89064731370438	4.61744956039049	1.49428324285158	0.364379738680541
107	sgPHEX_2	PHEX	1.37029106975737	1.67867638559951	1.05426032920923	0.537327769971657	1.04579347962419
108	sgPHEX_3	PHEX	1.08437134288756	1.07634864513699	1.6503790018011	1.59405935011801	0.579034932267803
109	sgPHEX_4	PHEX	1.22773773174772	1.46974225711309	0.916362800818413	1.4676571820736	1.24180527878807
110	sgPHEX_5	PHEX	0.987620330548524	0.9530600132799	3015.20136931701	1.26958953533867	0.541405044459633
111	sgPHLDA1_1	PHLDA1	1.22170580623368	0.773675553801929	2.1998836259922	1.00391036097074	1.01499923190885
112	sgPHLDA1_2	PHLDA1	0.756716748517851	0.978541679655052	0.951606627081622	1.01268224955151	1.28391284305084
113	sgPHLDA1_3	PHLDA1	0.637304486323053	1.25008220880295	1.27558477303614	0.863758606585174	1.26463080439936
114	sgPHLDA1_4	PHLDA1	1.07496710614324	0.997199740762138	1.86428718533326	0.483551058815818	1.34559202557166
115	sgPHLDA1_5	PHLDA1	0.851615731370131	0.969379170892754	0.905836465955826	1.39514773662078	0.736376495373778
116	sgPLS3_1	PLS3	0.82398578725613	0.920682530933201	0.852852854105913	0.810217244168253	1.04413050225225
117	sgPLS3_2	PLS3	0.782897983430755	1.1255360079323	1.16733537924983	0.814575020449265	0.904043206508356
118	sgPLS3_3	PLS3	1.49202515114403	0.483496333838495	0.311255973881147	0.951393830201364	1.04984881200368
119	sgPLS3_4	PLS3	1.32548424070837	0.928432630882926	0.111967787073445	0.712391435294669	1.06090329411993
120	sgPLS3_5	PLS3	0.885822679636565	0.769177795021429	0.699471953965866	0.832987946935855	1.10414851810817
121	sgPTMS_1	PTMS	0.57238611460709	1.00579600862822	1.32544795238048	0.93730714720705	0.925578919814541
122	sgPTMS_2	PTMS	0.612694314766814	1.50868050912252	0.36102566050422	2.30640596597157	0.657348135597903
123	sgPTMS_3	PTMS	1.14471507820583	1.27160791367693	0.682165633305789	0.57144823769672	1.23190346762642
124	sgPTMS_4	PTMS	1.01626080094912	1.05504070816971	1.70650662022952	1.22888367754827	1.30118554515781
125	sgPTMS_5	PTMS	2.42386426008537	1.35353238837945	1.30430682623476	1.58118015973191	1.14428927693394
126	sgPTPN22_1	PTPN22	2.00365218420885	1.0375187112858	1.65114194853691	0.850499012850024	0.801627535930887
127	sgPTPN22_2	PTPN22	1.20019141664813	0.672706094655877	1.2375701609256	1.19941751126943	0.977277564513596
128	sgPTPN22_3	PTPN22	0.645354038579402	0.778074035588977	0.191612254141547	0.382851062173955	0.966444612549379
129	sgPTPN22_4	PTPN22	0.468379182735316	0.976301119382333	0.610806068345625	1.78371243844431	0.661453560265573
130	sgPTPN22_5	PTPN22	0.993572750423998	0.949650697397286	1.48567376284397	1.13851206007243	0.446542221332781
131	sgRYR1_1	RYR1	1.33736707623262	0.96678543472668	0.467832961951221	0.639131972086934	1.03069013479628
132	sgRYR1_2	RYR1	0.679493346027196	1.16204338622925	0.679984268579495	1.9405226035532	1.0974876815439
133	sgRYR1_3	RYR1	1.32912585914029	0.936776447101366	1.71890168485261	0.841768338502975	1.11290905102158
134	sgRYR1_4	RYR1	0.873523471433055	1.06806893902907	1.23426541122533	0.897036453373219	1.04399506502914
135	sgRYR1_5	RYR1	0.584386344289849	0.828083713658086	0.459167256913346	1.10121521569413	1.64301604251046
136	sgSERPINE1_1	SERPINE1	2.31197024444598	1.022313375766	0.765754820811876	1.46185503572488	1.31163368003311
137	sgSERPINE1_2	SERPINE1	0.420284504344348	1.17825138708259	0.744478543414854	1.27745363832098	1.54874462666855
138	sgSERPINE1_3	SERPINE1	1.24301379807161	1.42961305469507	1.61567447514734	1.42943219836011	0.925551378525303
139	sgSERPINE1_4	SERPINE1	1.92232024280639	1.19250384755437	0.783710304578351	1.92866620720697	0.740700855377519
140	sgSERPINE1_5	SERPINE1	1.46075831173003	1.06138666261918	1.24345216221404	1.10734691517192	1.05213653510267
141	sgSH3BGRL2_1	SH3BGRL2	1.45778672530524	1.14743901931565	0.489080929635761	0.942163550056287	1.12301519242212
142	sgSH3BGRL2_2	SH3BGRL2	1.75040963535465	1.1956137002378	1.20574041189887	1.59684726834499	0.969012364171162
143	sgSH3BGRL2_3	SH3BGRL2	0.483607174496902	1.04312985591957	2.25572933815802	1.35526345518527	1.29249077234558
144	sgSH3BGRL2_4	SH3BGRL2	0.682320765494442	0.864306959777072	0.530051581044126	1.11577196941751	1.09207680846032
145	sgSH3BGRL2_5	SH3BGRL2	0.683498719534491	1.01170962027095	1.68204097466174	1.28188749219725	0.847064496444798
146	sgSHC4_1	SHC4	0.719560222260737	1.2895671605414	2.1658701948579	0.654127382468345	1.33105966029287
147	sgSHC4_2	SHC4	1.23566529706948	1.24126528370906	1.26445525285173	1.29822471667083	0.92232913845773
148	sgSHC4_3	SHC4	1.10962464066393	1.16255390482968	0.912625184075299	1.04609633818628	1.22604049894936
149	sgSHC4_4	SHC4	0.977416253026538	1.04500180573987	1.55724395041009	0.939503361854629	1.18465768975109
150	sgSHC4_5	SHC4	1.27395946611092	0.806410593270501	1.21071361920179	0.582246855959838	1.52096547740037
151	sgSLC29A1_1	SLC29A1	1.32608765216066	1.45589499953824	1.39199236265337	0.636395649861925	2.19051516498692
152	sgSLC29A1_2	SLC29A1	0.734027840756091	1.11681462429487	0.172221884634097	1.02846641524365	1.54226856783449
153	sgSLC29A1_3	SLC29A1	2.40202571780264	0.990920915330506	1.61852808098027	1.19918485914856	2.14031160105811
154	sgSLC29A1_4	SLC29A1	1.56579257434809	1.32896527855457	0.662945274803657	1.41263015795605	0.919359277998208
155	sgSLC29A1_5	SLC29A1	1.24206971236072	0.917378468405274	1.83672346992242	0.749984841283584	0.993214259213037
156	sgSNX9_1	SNX9	3.41042018803786	0.777835312444269	5.54076752176499	0.549403519103789	1.3939428445121
157	sgSNX9_2	SNX9	0.789142975736938	1.58421084090027	1.47016966323886	1.25908734081215	1.01019627614101
158	sgSNX9_3	SNX9	0.728832409536867	1.63056731002097	0.664466511357812	0.642878922776795	1.5336536329981
159	sgSNX9_4	SNX9	1.21322084132699	1.30813146878516	0.638321333677493	1.19132135609578	2.14796905590125
160	sgSNX9_5	SNX9	0.985206568507875	0.974894853224146	1.29065644248484	0.907552339359275	1.07539184221372
161	sgSPRY1_1	SPRY1	1.6095699985936	1.26271870361935	1.22616382639735	1.15104517453691	1.43250759525505
162	sgSPRY1_2	SPRY1	1.24249807590144	1.11721628069911	1.45233085694453	0.669419671784677	1.51769802348781
163	sgSPRY1_3	SPRY1	0.965598289642529	1.47497762491104	0.99259132994218	0.625475919354873	1.31686721683173
164	sgSPRY1_4	SPRY1	1.23031602030527	1.11653216566179	0.889844841867305	0.79678456964583	1.42359033834848
165	sgSPRY1_5	SPRY1	0.803248220817936	0.888647410943841	1.79726808718912	0.78799501522495	0.72198577229266
166	sgSRGAP3_1	SRGAP3	1.10369559579893	1.15576861235979	1.21140138186327	0.700702355192936	0.929073777254552
167	sgSRGAP3_2	SRGAP3	1.18455774512989	0.980959161518735	2.539202991257	1.22179133566588	0.701965426513884
168	sgSRGAP3_3	SRGAP3	1.13497693207706	1.38912974818959	1.16712334620323	0.843289617093715	0.698686122544545
169	sgSRGAP3_4	SRGAP3	1.59203615417322	0.840305402757451	0.867641776592534	0.728933010566874	1.32077566896354
170	sgSRGAP3_5	SRGAP3	0.947632254431157	1.07091779285103	1.46308061333268	1.03801573538817	0.820483352485868
171	sgXCL2_1	XCL2	0.462509649207673	1.15287613397695	1.19587240162751	0.62074447197238	0.859033812938915
172	sgXCL2_2	XCL2	1.04896109074915	0.789684992348546	2.44561328715647	0.892339693651295	1.02952811778834
173	sgXCL2_3	XCL2	0.899168129102642	0.840029911518898	1.21364333992807	0.571929233221995	1.19155343586133
174	sgXCL2_4	XCL2	1.46585865516945	0.827924692612226	0.576497539793876	1.12081102817745	1.31693096706618
175	sgXCL2_5	XCL2	1.03040253686884	0.644635649113506	0.608572589748907	2.19620140777599	1.30163402794462
176	sgZAP70_1	ZAP70	1.31986405531877	0.733567631016129	0.97391842622991	0.231842553791285	0.438438239104482
177	sgZAP70_2	ZAP70	0.87851373710627	0.810577180776629	0.738082631143503	0.272639127645113	0.352284762078271
178	sgZAP70_3	ZAP70	0.837065528725635	0.970994574185556	1.04845797439896	0.473133414496972	0.61809864126637
179	sgZAP70_4	ZAP70	0.260530070865807	0.481500699572163	0.548346723796851	0.346069875306256	0.506155239513978
180	sgZAP70_5	ZAP70	0.865015893286058	0.258671047833891	0.0727008532091676	0.173026541995345	0.17923728118545
