10011
10054
10134
10181
10197
10253
10262
10289
10379
10421
10576
10724
10725
10865
10899
10921
10923
10955
10960
1130
115352
1155
1164
116841
117246
117289
1175
1176
118460
122704
125476
1390
140461
140739
1457
1465
1493
149628
151888
160851
1654
1757
1854
196383
1997
2115
2130
2132
2171
221120
226
22914
22916
22948
23036
23049
23137
23406
23435
2356
23588
23597
23640
23705
23741
2530
2534
2553
25847
25934
26031
26034
26275
26292
2634
27115
27163
2762
2778
28984
29092
29101
29952
3030
3113
3184
330
3303
3304
3310
3315
3329
334
3394
3399
3516
3572
3615
3662
3702
373863
374882
3902
3930
3987
4033
405
4350
4354
4358
4664
4670
468
4772
4780
4828
4904
4925
4929
4976
5033
5034
5066
50852
51005
51031
51053
51073
51108
51119
51126
51248
51324
5133
51337
51367
51406
51429
51602
51635
51676
51735
51742
51747
521
526
533
5438
54438
54460
54556
54602
54758
5495
54958
55000
5501
55038
5504
55193
55226
55269
55272
55280
55423
55505
5552
55608
5583
5660
57153
5725
5734
57396
57409
57515
57599
5777
5778
5781
5970
5998
5999
604
6240
6397
64005
6418
64218
6426
6429
6431
64782
6500
65056
6647
6709
677
6772
6774
7037
7167
7188
7203
7264
729082
7386
7412
7430
79713
80223
80301
811
8140
8148
81539
81572
81606
8315
83593
8394
84065
84632
84636
84720
8480
84868
85476
857
8615
8653
8667
868
8815
8848
8878
8907
894
91289
9138
914
91445
9170
9218
926
9320
94081
9410
94241
9443
9452
9516
953
9555
9560
9657
9702
9760
9844
9867
9882
