10109
10130
10253
10346
10379
10447
10550
10724
10914
1130
115352
116841
1493
160851
1654
1655
1844
201633
2115
2130
2171
226
22914
23344
23406
23705
23741
2534
25897
26031
2634
27115
2778
284996
3021
3105
3108
3113
3119
3123
3183
3190
3303
3304
3315
334
3394
3399
3418
3428
3561
3604
3702
378938
382
3902
3939
3987
4033
4046
405
4076
4345
442590
4664
4772
506
5066
51150
5133
51429
51735
51742
51747
54438
54888
55500
5551
5552
55608
5583
567
5698
5777
5778
5790
5997
5999
60
6093
64083
64218
6426
6429
64429
6503
6772
6774
6890
7009
71
7133
7167
7188
7314
7316
7412
7453
7812
79713
79718
805
81873
8202
83593
84636
84868
868
914
925
926
939
9452
9516
9695
972
9760
9782
9882
