84868
10563
6348
55423
3458
201633
3002
5133
11315
3604
54
1493
3516
406947
10663
939
2280
684
7167
114614
9232
967
64092
5996
678655
3682
100616438
3122
79713
3892
953
1846
27240
9760
22822
894
2848
143903
25824
1757
356
100500808
308
1509
10130
5902
100528031
23406
7133
3418
952
3732
3902
100506755
27350
9452
9377
3430
54602
8784
3887
10591
5997
3150
8655
6628
201254
9144
5873
5702
130589
2171
9246
4647
10935
54541
3925
10263
7412
116841
5691
9636
3127
1164
79931
924
5710
245973
5714
3128