10010
100131814
10018
10024
100302135
10036
100506211
100507582
10051
100874032
100874115
100874190
10098
10112
10135
101410543
10148
1017
10221
10252
10253
1026
10263
1029
1030
1031
1033
10376
10383
10385
10409
10437
10447
10457
10538
10563
1058
10591
10592
10598
10615
1062
10625
1063
10635
10663
10721
10745
10765
10766
10797
10808
10855
10863
10866
10882
109
10912
10924
10935
10940
10963
11001
11004
11015
11031
11065
1111
11130
11169
11221
1123
11247
113130
113179
11326
11332
11339
1138
114614
114801
115908
116028
1163
1164
116442
116449
116841
122786
1234
123879
124359
125061
125919
128553
1293
130367
131450
1317
132332
135228
1368
1371
137994
138948
1390
140465
143279
1435
1437
143903
144455
145788
146909
148479
148741
148789
1493
1495
150275
150468
1508
1509
1514
151888
153
153020
1536
155185
157313
157506
157570
16
160897
162073
1621
164118
164668
170685
1719
1757
1789
1833
1846
1847
1848
1869
1876
1890
1894
1948
1958
195828
1959
196
1960
1978
199
200316
201633
2030
203068
2034
205
2069
211
2115
2121
2146
216
2171
2175
2177
2180
2189
219931
220134
2207
221150
221468
2237
2281
22822
22876
2288
22930
22974
22995
23017
2305
23062
23135
23151
23208
2321
23237
23397
23406
23413
23516
23564
23580
23594
23603
23604
23612
23643
23654
23682
2494
2530
253430
253782
256281
257068
25797
25841
25853
25888
2590
25902
259266
25932
2597
26010
26086
26191
26227
26230
26267
26271
2650
26586
2669
26762
26781
2696
26973
27033
27075
27115
27132
27161
2717
27173
2731
27314
27333
27338
2769
2786
2793
2820
28231
282566
283219
284293
284611
2848
285025
286151
286676
28984
29015
29089
29127
29128
2919
2920
2921
29851
29886
29899
29901
29950
29968
29980
29988
29995
3002
3014
3067
3070
308
3091
3096
3108
3109
3111
3113
3117
3119
3122
3123
3127
3148
3149
3161
3162
3164
3182
3267
3280
330
3301
3303
3304
3306
3310
3312
3315
332
3329
333
3382
339665
3399
340152
341
3417
3429
3434
3437
343990
3458
3475
348
3485
348738
348938
3491
3516
3552
3553
3557
356
3569
3581
3586
3604
3627
3628
3662
3665
3672
3673
3682
3687
3714
3732
374393
374654
3801
3805
3822
3832
3833
3838
384
3856
387103
387923
3880
388372
3887
3892
3897
389792
390
3902
3925
3949
3958
3965
399694
4000
4001
400359
4013
402778
406938
407013
407018
4071
4082
408263
4170
4171
4172
4173
4174
4175
4236
4288
4318
4321
4345
441478
4599
4602
4605
4641
4643
4645
4647
4664
4665
467
4678
4681
4751
4758
4783
4791
4810
483
4914
4938
494143
4998
5028
50486
5054
50615
50852
51053
51101
5111
51129
51203
51237
51286
51307
51308
5133
51330
51338
51429
51450
51474
51478
51512
51514
5154
51655
51659
51676
5209
523
5251
5265
5272
5328
53405
5358
5359
5360
5366
5367
5376
53918
54
54072
5427
54407
54438
54443
5446
5453
54602
54623
54674
5468
54806
54892
54900
54913
54943
55017
55106
55143
55165
55166
55212
55215
55247
55252
55281
55352
55355
55388
55422
55509
55635
55640
5569
55723
5575
55765
55789
55839
55872
55917
55957
5600
56253
56925
56937
56992
571
57162
5740
57405
57415
57476
5763
57695
57801
5792
5796
5799
580
5817
58475
58476
586
5888
5898
5932
5966
5971
5996
5997
6003
6004
6035
60386
60436
60489
6236
6240
6241
6261
6262
6273
6319
6347
6348
6362
6364
6375
6385
63967
64092
64151
64218
64231
642968
64332
64375
6439
64410
644150
64425
644538
645121
64759
64857
64858
6491
64943
6498
6503
6509
6510
6525
6526
653820
6566
6590
6615
6617
6659
6676
6696
6713
675
6776
6790
6821
6904
6941
699
701
7037
705
7074
7077
7083
710
7107
712
713
714
7153
7161
7185
7205
7216
7222
7227
7273
7283
7292
729533
7298
7412
7421
7422
7462
753
7531
7633
7743
79019
79031
79056
79075
79094
79172
79413
79442
79469
79622
79632
79682
79692
79694
79713
79733
79770
79801
79828
79895
79901
79908
79931
79959
80020
80023
8013
80176
80223
80270
80274
80301
80326
80328
80329
8061
80727
80824
8110
8140
81566
81610
81618
81620
81624
81930
8208
822
8318
8341
83461
83540
83541
8355
836
83648
83990
83998
84102
8416
8427
8438
84419
8444
84517
84541
84552
84557
84632
84668
84807
8482
84868
84879
84915
84930
84937
84947
84969
84983
8503
85236
8536
8538
85458
85463
857
8572
8638
8645
8655
8676
8685
8727
8728
8743
8744
8784
8793
8836
8847
8848
890
89857
89891
899
89958
9034
90355
90427
9052
9055
90557
9088
91057
91319
9133
9134
91373
91404
9143
91543
9156
91614
91663
91687
91937
920
9212
92162
92181
9232
9260
92667
928
9314
9319
9332
941
942
9424
94241
9435
9447
9452
9493
9495
952
953
9582
9619
9636
9659
9673
968
970
9775
9787
9824
983
9833
9882
990
9901
991
9928
993
995
9997
