10004
100131234
100131814
100188953
10024
10036
100423021
100506190
100506915
10051
100616478
10079
100874190
10098
10112
101410543
1020
10252
10293
1031
1033
10403
104355146
10447
10535
10538
10563
1058
10591
10592
10615
10617
1062
1063
10635
10663
10721
10733
10882
109
10911
10912
11001
11004
11065
1111
11113
11130
11169
11200
1123
11270
11274
11275
113115
113130
11315
11332
1138
114614
114769
116028
1163
116449
116841
118980
122509
1230
1234
124222
124359
124540
125061
128553
1293
1298
130367
131450
132332
132884
134637
135228
138948
140465
140685
143279
143903
144455
1468
146909
147837
147841
148741
1493
149699
150468
151888
152789
153
153090
155185
157313
157506
157570
160365
160851
161176
1621
162515
164118
170685
1719
1757
1763
1788
1789
1822
1846
1869
1870
1894
195828
20
201633
2030
203068
2115
2121
2146
2171
2177
2189
220134
221002
221150
221184
2232
2237
224
2280
22822
22876
22930
22974
22995
23017
2305
2321
23365
23397
23413
23594
23604
23649
23682
24137
2494
2530
253782
254552
25886
2589
2590
259266
26010
26150
26227
26230
26232
26262
26267
26271
2647
2669
26762
27033
27115
2731
27333
27350
2769
2786
2820
283578
284403
2848
285025
286151
286676
29028
29089
29127
29128
2944
29851
29886
29901
29941
29988
29995
3002
3009
3070
3096
3108
3148
3161
3162
3267
332
339789
3458
348235
348738
348938
349114
3516
356
3586
3596
3604
3619
3628
3663
3673
3682
3687
3732
374393
374654
375449
3783
3805
3832
3833
387103
387638
387923
388272
388403
3892
389206
3897
3902
3925
3931
3978
3987
399512
399694
400359
401541
402778
403
406938
408263
4085
4171
4172
4173
4174
4176
4240
4288
4345
4357
440068
4494
4521
4522
4602
4605
4643
4645
4647
4664
4681
4701
4751
4783
4810
4815
4913
4914
4938
4968
4998
5028
5066
51097
51203
51205
51232
51286
51308
5133
51429
51474
51512
51513
51514
51522
5154
51659
51676
5251
5325
5347
5367
5393
54
54058
54069
54072
5424
5427
54438
54443
5445
5446
54602
54674
54806
54892
54908
54982
55010
55120
55143
55157
55165
55166
55215
55222
55247
55352
55355
55388
55423
55501
55536
55613
55635
5569
55723
55732
5575
55765
55771
55789
55790
55835
55839
5600
5654
56654
56925
56992
57157
57178
57343
5740
57405
57415
57535
57605
5763
5796
5799
580
5827
58488
586
5873
5888
5982
5983
5984
5990
5996
5997
5999
6003
619383
6241
6261
6262
6348
6368
639
63967
6398
641
64105
64151
64218
642968
64375
644150
64425
644538
645121
64699
6472
64759
64766
64864
6491
64943
64946
6509
65094
653319
653820
6659
6713
672
675
6790
6821
684
6941
699
701
7074
7083
7107
7112
7153
7161
7272
7273
728833
7292
729533
7298
7412
7421
7633
79017
79019
79022
79056
79070
79075
79172
79187
79413
79632
79639
79641
79682
79713
79723
79733
79801
79814
79828
79895
79901
79908
79915
79931
79968
79980
80119
8027
80727
80757
80824
8089
81620
81624
8208
8318
8331
83461
8352
83540
8358
8364
83695
83699
84057
8427
8438
84515
84632
84868
84883
8491
84937
84969
84986
8536
8538
85458
85463
8572
860
8609
8645
8728
8743
8784
8836
8847
8848
890
8914
89839
89891
899
89927
89958
90355
90459
9055
9088
91057
91319
9133
9134
91373
9143
91523
9156
91687
91937
9212
9232
9260
93129
9319
939
93979
9401
941
942
9435
9493
9495
952
953
9562
9582
9585
970
9700
971
9735
974
9760
9787
9824
983
9833
9837
9882
990
9901
991
9928
993
995
9985
