10010
10018
100302135
10051
100874032
100874115
10135
1017
10221
10252
1026
10383
10409
10437
10457
10560
10563
10614
10625
1063
10663
10745
10766
10797
10808
10855
10863
10866
10912
10924
10940
10963
11001
11004
11031
11065
1111
11221
1123
11234
11247
113130
113179
11326
1138
114614
114801
115123
115908
116028
1164
116442
116449
122786
1234
1236
123879
124044
124359
125061
126298
1293
129881
131450
1317
133
1368
1371
137994
1390
140465
1435
1437
143903
145788
148789
1493
149478
150275
150771
1514
153
153020
1536
155185
157313
162073
164668
1757
1789
1846
1848
1869
1890
1945
1948
1958
1959
196
1960
1961
196264
1978
200734
2012
201633
2034
2041
205
205428
2069
2077
211
2115
2146
2171
2175
2180
219654
2207
221468
22822
2288
22911
22936
2305
23062
23135
2321
23210
23223
23237
23397
23406
23413
2354
23564
23580
23603
23612
23643
23645
2494
253430
256281
257068
25797
25841
25853
259266
25932
26086
26191
26230
26267
2650
26586
2669
26781
26973
27033
27075
27115
27132
27161
2717
27314
27333
27338
2735
2752
2769
28231
282566
283219
2833
283635
284611
2848
2859
285965
286151
28984
29089
29127
2919
2920
2921
29851
29899
29933
29950
29968
29980
29995
3002
3014
3111
3119
3122
3161
3162
3164
3280
329
330
3301
3303
3304
3306
3312
3315
332
3329
333
3336
339665
3399
340152
341
3429
342945
3434
3437
343990
3458
3475
348
3485
348938
3491
3516
3552
3553
3557
356
3569
3581
3586
3604
3627
3662
3665
3672
3673
3682
3714
3727
374393
374654
3805
3832
3833
3838
384
3856
387103
3875
387923
388372
3892
389792
3902
3925
3939
3949
3958
4000
4001
406938
407010
407013
407018
4071
4097
4130
4144
4170
4303
4318
4321
4345
441478
4599
4602
4605
4643
4645
4647
4664
467
4678
4681
4751
4758
4791
4804
483
4860
494143
50486
5054
50615
50852
51101
51129
51203
51307
51308
51330
51338
5154
51566
51646
51655
51676
5209
523
5265
5272
5328
5336
53405
5358
5359
5360
5376
53918
54
54072
54187
54206
54209
54407
54438
54443
5453
54602
54623
54674
54806
54913
54943
55017
55247
55252
55281
55359
55365
55388
55422
55509
55635
55640
55751
55789
55917
56253
56937
56992
5734
57405
57558
5763
57695
57801
5792
58475
58476
586
5888
5898
5903
5914
5932
5966
5971
5996
6003
6004
6035
60386
60436
6236
6303
6319
6348
6362
6364
6375
638
6385
6386
63967
64061
64092
64151
64218
643
6439
64410
644150
644538
64759
64857
6491
6498
6503
6509
6510
65108
6515
6525
6526
6533
6566
6590
6615
6617
6624
6659
6676
6696
6713
6776
6790
6846
6904
699
701
7037
705
7057
7077
7083
710
7107
712
713
714
7153
7185
7205
7216
7222
7277
7280
7292
729533
7298
7412
7421
753
7556
7884
79019
79031
79056
79094
79413
79442
79632
79692
79770
79845
79895
79931
8013
80176
80218
80270
80274
80301
80326
80328
8061
80727
8110
8140
81555
81566
81610
81618
81620
81831
81930
822
83541
8355
83648
84002
84312
84418
84419
8444
84552
84557
84632
84807
8482
84868
84879
84915
84930
84937
84947
84957
84969
84983
8503
85407
85463
857
8572
8638
8645
8651
8655
8676
8727
8743
8744
8784
8793
89857
89958
9034
90427
9055
9088
91319
9133
9134
9143
91543
9156
91607
91614
91663
920
9212
92162
92181
9232
928
9314
9319
9332
942
9424
9435
9447
9493
9495
952
9603
9618
9619
9636
9659
9673
968
9764
9775
9787
983
9833
9901
9928
9997
