100874032
100874115
10135
1017
10221
10253
1026
10383
10409
10437
10457
10548
10560
10563
10614
10625
1063
10766
10808
10855
10863
10912
10924
10963
11001
11004
11031
11065
1111
11221
11234
11247
113130
113179
11326
1138
114801
115123
115908
1164
1191
122786
1234
1236
123879
124044
126298
1293
129881
131450
1317
133
1368
137994
1390
1435
1437
143903
145788
1514
153
153020
1536
155185
157313
1604
162073
1757
1846
1848
1869
1890
1945
1948
1958
1959
196
1960
1961
199
200734
2012
2034
2041
205428
2069
211
2114
2115
2146
216
2162
2171
2175
2180
219654
2207
221468
22822
22911
22936
23012
2305
23062
23089
23135
2321
23210
23223
23237
23397
2350
2354
23580
23603
23612
23643
23645
2494
253430
256281
25797
25841
25853
259266
25932
2650
26586
2669
26781
2696
26973
27033
27075
27132
2717
27314
27338
2735
2752
2769
28231
282566
283219
2833
283635
284611
2848
2859
285965
286151
28984
29089
29127
2919
2920
2921
29851
29899
29933
29950
29995
3002
3014
3111
3119
3122
3161
3162
3164
3182
3280
329
330
3301
3303
3304
3306
3310
3312
3315
3329
333
3383
3399
340152
341
3429
342945
3434
3437
3458
3475
348
3485
3491
3552
3553
3557
356
3569
3581
3604
3627
3638
3662
3665
3672
3714
374393
3804
3805
3833
3838
384
3856
3875
3892
389792
390
3902
3925
3939
3949
4000
4001
407010
407013
407018
4071
4082
4130
4144
4170
4291
4303
4318
441478
4599
4602
4605
4643
4647
467
4678
4681
4758
4790
4791
4804
483
4860
4929
494143
50486
5054
50615
50640
50852
51101
51129
51203
5127
51307
51330
51338
51566
51646
51655
5166
5209
523
5265
5272
5328
5329
5336
5358
5360
5376
53918
54187
54206
54407
54438
54443
5453
54602
54623
54806
54913
54943
55017
55247
55359
55365
55422
55640
55751
55789
56253
56937
56992
5734
57558
5763
57695
57801
5792
58475
58476
586
5888
5898
5903
5914
5932
5966
5971
5996
6003
6004
6035
60386
604
60436
6236
6303
6319
6348
6362
6364
6375
6385
63967
64061
64092
643
6439
64410
644150
64651
64759
64857
6498
6509
6510
65108
6515
6525
6526
6566
6590
6615
6617
6624
6659
6676
6696
6713
6790
6846
6904
699
7037
705
7052
7057
7077
710
712
7124
713
714
7185
7205
7216
7222
7277
7280
7412
7421
7422
7462
753
7556
79056
79094
79413
79442
79632
79692
79720
79770
79895
79931
79959
8013
80176
80218
80274
80301
80326
80328
8061
8110
8140
81555
81566
81610
81618
81620
81831
81930
822
83541
8355
83648
84002
84312
84418
84419
8444
84541
84552
84557
84632
84668
84790
84807
8482
84868
84879
84915
84930
84937
84957
84983
8503
85236
8531
85407
857
8572
8638
8645
8651
8655
8676
8727
8744
8784
8793
89857
899
89958
9034
90427
9052
9055
9088
91319
9133
9134
9143
91543
91607
91614
91663
920
92162
92181
9232
928
93010
9308
9314
9319
9332
942
9424
9435
9447
9493
952
9603
9618
9619
9673
968
9764
9775
9787
9901
9935
9997
