10210
10221
10252
10327
10342
10563
10640
10725
10899
10982
11237
113791
115352
1212
126129
128077
130589
144245
1459
148413
1493
157506
1663
1757
1846
1847
204
2077
221037
22822
23023
23265
23406
23481
2353
252969
25824
26130
2633
2669
2842
284454
29780
29851
3068
3092
3117
327
3329
3458
356
3604
3608
3662
3672
3927
400966
4154
4170
4175
4647
467
468
4718
5094
51192
51307
51429
51534
51646
5501
5504
55423
55666
55851
56253
56957
57476
57862
5795
58476
5873
5898
5903
5996
5998
60412
6303
6398
64061
64098
64127
64421
64766
6647
6687
677
6774
6804
684
6846
6890
7187
7188
7277
729873
7750
7763
79932
80149
80762
80824
8140
8310
83854
83940
84062
84064
8482
84937
85012
8526
85463
8678
868
908
91860
9371
939
94241
9452
9648
9760
